abs_delta_score_cn,abs_delta_score_degree,abs_delta_score_interaction,abs_delta_score_residual,abs_delta_score_total,cn_expected_after,cn_expected_before,cn_raw_after,cn_raw_before,cn_residual_feature_after,cn_residual_feature_before,cross_response,cross_sensitivity,delta_cn_expected,delta_cn_raw,delta_cn_residual_feature,delta_score_cn,delta_score_degree,delta_score_interaction,delta_score_residual,delta_score_total,failure_code,interaction_share_after,interaction_share_before,interaction_share_cap,interaction_share_cap_violation_before,intervention_kind,intervention_type,pair_id,post_degree_u,post_degree_v,pre_degree_u,pre_degree_v,requested_delta,routing_ratio,routing_selectivity,score_cn_after,score_cn_before,score_degree_after,score_degree_before,score_interaction_after,score_interaction_before,score_residual_after,score_residual_before,score_total_after,score_total_before,status,target_response,u,v
0.0002357959747314453,0.030501484870910645,0.0,0.013218402862548828,0.04348421096801758,0.2562127411365509,0.29320403933525085,1.0,1.0,0.4369344413280487,0.39994314312934875,0.013454198837280273,0.013454198837280273,-0.03699129819869995,0.0,0.03699129819869995,-0.0002357959747314453,0.030501484870910645,0.0,0.013218402862548828,0.04348421096801758,,0.0,0.0,0.2,0,degree,degree_u_plus,0,26,3,25,3,1,2.2670589731292163,0.6939143100186552,2.8498451709747314,2.850080966949463,1.1554726362228394,1.1249711513519287,0.0,0.0,2.8745458126068115,2.8613274097442627,6.885024547576904,6.841540336608887,AVAILABLE,0.030501484870910645,733,1062
0.009037494659423828,0.0,0.0,0.04827380180358887,0.0573115348815918,0.29320403933525085,0.29320403933525085,2.0,1.0,0.805408239364624,0.39994314312934875,0.04827380180358887,0.04827380180358887,0.0,1.0,0.40546509623527527,0.009037494659423828,0.0,0.0,0.04827380180358887,0.0573115348815918,,0.0,0.0,0.2,0,cn,cn_plus,0,25,3,25,3,1,0.18721319742046855,0.15769130416275545,2.8591184616088867,2.850080966949463,1.1249711513519287,1.1249711513519287,0.0,0.0,2.9096012115478516,2.8613274097442627,6.8988518714904785,6.841540336608887,AVAILABLE,0.009037494659423828,733,1062
0.024382591247558594,0.04911768436431885,0.0,0.03443503379821777,0.05917000770568848,0.21514654159545898,0.23777347803115845,0.0,0.0,-0.21514654159545898,-0.23777347803115845,0.05881762504577637,0.05881762504577637,-0.022626936435699463,0.0,0.022626936435699463,-0.024382591247558594,0.04911768436431885,0.0,0.03443503379821777,0.05917000770568848,,0.0,0.0,0.2,0,degree,degree_u_plus,1,18,2,17,2,1,0.8350843131671601,0.455065910146599,-1.0365849733352661,-1.0122023820877075,1.2260665893554688,1.17694890499115,0.0,0.0,2.8784515857696533,2.8440165519714355,3.0730936527252197,3.0139236450195312,AVAILABLE,0.04911768436431885,1416,1468
3.856205105781555,0.0,0.0,0.07482790946960449,3.9310336112976074,0.23777347803115845,0.23777347803115845,1.0,0.0,0.45537370443344116,-0.23777347803115845,0.07482790946960449,0.07482790946960449,0.0,1.0,0.6931471824645996,3.856205105781555,0.0,0.0,0.07482790946960449,3.9310336112976074,,0.0,0.0,0.2,0,cn,cn_plus,1,17,2,17,2,1,51.53430875955287,0.9809648204456833,2.8440027236938477,-1.0122023820877075,1.17694890499115,1.17694890499115,0.0,0.0,2.91884446144104,2.8440165519714355,6.944957256317139,3.0139236450195312,AVAILABLE,3.856205105781555,1416,1468
9.036064147949219e-05,0.06171107292175293,0.0,0.0007860660552978516,0.06101560592651367,0.7003951668739319,0.6943235993385315,1.0,1.0,-0.007247984409332275,-0.0011764168739318848,0.0008764266967773438,0.0008764266967773438,0.006071567535400391,0.0,-0.006071567535400391,9.036064147949219e-05,0.06171107292175293,0.0,-0.0007860660552978516,0.06101560592651367,,0.0,0.0,0.2,0,degree,degree_u_plus,2,14,6,13,6,1,70.41132936202288,0.985996619738999,2.7652134895324707,2.765123128890991,-0.02481462061405182,-0.08652569353580475,0.0,0.0,3.0825939178466797,3.0833799839019775,5.828153610229492,5.7671380043029785,AVAILABLE,0.06171107292175293,350,1778
0.04809284210205078,0.0,0.0,0.0031805038452148438,0.051273345947265625,0.6943235993385315,0.6943235993385315,2.0,1.0,0.40428870916366577,-0.0011764168739318848,0.0031805038452148438,0.0031805038452148438,0.0,1.0,0.40546512603759766,0.04809284210205078,0.0,0.0,0.0031805038452148438,0.051273345947265625,,0.0,0.0,0.2,0,cn,cn_plus,2,13,6,13,6,1,15.121091887214252,0.9379694621805916,2.813215970993042,2.765123128890991,-0.08652569353580475,-0.08652569353580475,0.0,0.0,3.0865604877471924,3.0833799839019775,5.818411350250244,5.7671380043029785,AVAILABLE,0.04809284210205078,350,1778
0.28363704681396484,0.02506875991821289,0.0,0.0002913475036621094,0.3084143400192261,0.28940674662590027,0.5532227158546448,0.0,0.0,-0.28940674662590027,-0.5532227158546448,0.28392839431762695,0.28392839431762695,-0.2638159692287445,0.0,0.2638159692287445,-0.28363704681396484,-0.02506875991821289,0.0,0.0002913475036621094,-0.3084143400192261,,0.0,0.0,0.2,0,degree,degree_u_plus,3,11,12,10,12,1,0.08829253972832109,0.08112941741782245,-0.9520149827003479,-0.6683779358863831,-0.41567981243133545,-0.39061105251312256,0.0,0.0,3.083322763442993,3.083031415939331,1.720788598060608,2.029202938079834,AVAILABLE,0.02506875991821289,657,1740
3.304547131061554,0.0,0.0,0.004495382308959961,3.3090429306030273,0.5532227158546448,0.5532227158546448,1.0,0.0,0.13992446660995483,-0.5532227158546448,0.004495382308959961,0.004495382308959961,0.0,1.0,0.6931471824645996,3.304547131061554,0.0,0.0,0.004495382308959961,3.3090429306030273,,0.0,0.0,0.2,0,cn,cn_plus,3,10,12,10,12,1,735.0964952436116,0.9986414824598927,2.636169195175171,-0.6683779358863831,-0.39061105251312256,-0.39061105251312256,0.0,0.0,3.087526798248291,3.083031415939331,5.338245868682861,2.029202938079834,AVAILABLE,3.304547131061554,657,1740
0.011307001113891602,0.20155717432498932,0.0,0.0012364387512207031,0.21410059928894043,0.13552594184875488,0.1121114194393158,0.0,0.0,-0.13552594184875488,-0.1121114194393158,0.012543439865112305,0.012543439865112305,0.023414522409439087,0.0,-0.023414522409439087,0.011307001113891602,0.20155717432498932,0.0,0.0012364387512207031,0.21410059928894043,,0.0,0.0,0.2,0,degree,degree_u_plus,4,8,2,7,2,1,16.0687192512795,0.9414132961425892,-1.1008013486862183,-1.1121083498001099,0.27567458152770996,0.07411740720272064,0.0,0.0,2.9384231567382812,2.9371867179870605,2.118457078933716,1.9043564796447754,AVAILABLE,0.20155717432498932,1602,2073
3.9552470445632935,0.0,0.0,0.03989672660827637,3.9951438903808594,0.1121114194393158,0.1121114194393158,1.0,0.0,0.5810357332229614,-0.1121114194393158,0.03989672660827637,0.03989672660827637,0.0,1.0,0.6931471526622772,3.9552470445632935,0.0,0.0,0.03989672660827637,3.9951438903808594,,0.0,0.0,0.2,0,cn,cn_plus,4,7,2,7,2,1,99.13710696184606,0.9900136919236041,2.8431386947631836,-1.1121083498001099,0.07411740720272064,0.07411740720272064,0.0,0.0,2.977083444595337,2.9371867179870605,5.899500370025635,1.9043564796447754,AVAILABLE,3.9552470445632935,1602,2073
0.0003726482391357422,0.055836230516433716,0.0,0.003923892974853516,0.05938720703125,0.7720556259155273,0.8377997279167175,5.0,5.0,1.0197038650512695,0.9539597630500793,0.004296541213989258,0.004296541213989258,-0.06574410200119019,0.0,0.06574410200119019,-0.0003726482391357422,0.055836230516433716,0.0,0.003923892974853516,0.05938720703125,,0.0,0.0,0.2,0,degree,degree_u_plus,5,17,6,16,6,1,12.995592915228153,0.92854893636468,2.827751636505127,2.8281242847442627,0.15400056540966034,0.09816433489322662,0.0,0.0,3.077129602432251,3.0732057094573975,6.064042568206787,6.004655361175537,AVAILABLE,0.055836230516433716,507,1300
5.459785461425781e-05,0.0,0.0,0.00011348724365234375,0.0001678466796875,0.8377997279167175,0.8377997279167175,6.0,5.0,1.1081104278564453,0.9539597630500793,0.00011348724365234375,0.00011348724365234375,0.0,1.0,0.15415066480636597,5.459785461425781e-05,0.0,0.0,0.00011348724365234375,0.0001678466796875,,0.0,0.0,0.2,0,cn,cn_plus,5,16,6,16,6,1,0.4810500489465442,0.3248033712896537,2.828178882598877,2.8281242847442627,0.09816433489322662,0.09816433489322662,0.0,0.0,3.07331919670105,3.0732057094573975,6.004823207855225,6.004655361175537,AVAILABLE,5.459785461425781e-05,507,1300
0.010986745357513428,0.11614184081554413,0.0,0.09524250030517578,0.009912610054016113,0.3873850405216217,0.3975265920162201,0.0,0.0,-0.3873850405216217,-0.3975265920162201,0.10622924566268921,0.10622924566268921,-0.010141551494598389,0.0,0.010141551494598389,-0.010986745357513428,0.11614184081554413,0.0,-0.09524250030517578,0.009912610054016113,,0.0,0.0,0.2,0,degree,degree_u_plus,6,9,4,8,4,1,1.093313137619362,0.5222883848437228,-0.8402746915817261,-0.8292879462242126,-0.18520034849643707,-0.3013421893119812,0.0,0.0,2.572148084640503,2.6673905849456787,1.5518337488174438,1.5419211387634277,AVAILABLE,0.11614184081554413,1682,2189
3.6669909358024597,0.0,0.0,0.20291757583618164,3.869908332824707,0.3975265920162201,0.3975265920162201,1.0,0.0,0.2956205904483795,-0.3975265920162201,0.20291757583618164,0.20291757583618164,0.0,1.0,0.6931471824645996,3.6669909358024597,0.0,0.0,0.20291757583618164,3.869908332824707,,0.0,0.0,0.2,0,cn,cn_plus,6,8,4,8,4,1,18.0713313766845,0.9475652758452647,2.837702989578247,-0.8292879462242126,-0.3013421893119812,-0.3013421893119812,0.0,0.0,2.8703081607818604,2.6673905849456787,5.411829471588135,1.5419211387634277,AVAILABLE,3.6669909358024597,1682,2189
0.0015368461608886719,0.008167624473571777,0.0,9.989738464355469e-05,0.00653076171875,0.5274465084075928,0.6749151945114136,5.0,5.0,1.264312982559204,1.1168442964553833,0.0016367435455322266,0.0016367435455322266,-0.1474686861038208,0.0,0.1474686861038208,-0.0015368461608886719,0.008167624473571777,0.0,-9.989738464355469e-05,0.00653076171875,,0.0,0.0,0.2,0,degree,degree_u_plus,7,65,5,64,5,1,4.99013702818398,0.833058910790365,2.8046207427978516,2.8061575889587402,1.3067373037338257,1.298569679260254,0.0,0.0,3.046962261199951,3.0470621585845947,7.16348123550415,7.1569504737854,AVAILABLE,0.008167624473571777,306,1798
,,,,,,,,,,,,,,,,,,,,,NO_CANDIDATE,,,,,cn,cn,7,,,,,,,,,,,,,,,,,,MISSING,,306,1798
0.03534960746765137,0.08944988250732422,0.0,0.01029062271118164,0.06439089775085449,0.12426877021789551,0.17478279769420624,0.0,0.0,-0.12426877021789551,-0.17478279769420624,0.04564023017883301,0.04564023017883301,-0.05051402747631073,0.0,0.05051402747631073,-0.03534960746765137,0.08944988250732422,0.0,0.01029062271118164,0.06439089775085449,,0.0,0.0,0.2,0,degree,degree_u_plus,8,13,2,12,2,1,1.959890705150347,0.6621496873989456,-1.1065095663070679,-1.0711599588394165,0.9164301156997681,0.8269802331924438,0.0,0.0,2.9732611179351807,2.962970495223999,2.788342237472534,2.7239513397216797,AVAILABLE,0.08944988250732422,661,1878
3.9248214960098267,0.0,0.0,0.08136367797851562,4.006185054779053,0.17478279769420624,0.17478279769420624,1.0,0.0,0.5183643698692322,-0.17478279769420624,0.08136367797851562,0.08136367797851562,0.0,1.0,0.6931471675634384,3.9248214960098267,0.0,0.0,0.08136367797851562,4.006185054779053,,0.0,0.0,0.2,0,cn,cn_plus,8,12,2,12,2,1,48.23799895902199,0.9796904825309363,2.85366153717041,-1.0711599588394165,0.8269802331924438,0.8269802331924438,0.0,0.0,3.0443341732025146,2.962970495223999,6.730136394500732,2.7239513397216797,AVAILABLE,3.9248214960098267,661,1878
0.000788569450378418,0.2509145140647888,0.0,0.00015997886657714844,0.24996602535247803,0.1121114194393158,0.11382617801427841,0.0,0.0,-0.1121114194393158,-0.11382617801427841,0.0009485483169555664,0.0009485483169555664,-0.001714758574962616,0.0,0.001714758574962616,-0.000788569450378418,0.2509145140647888,0.0,-0.00015997886657714844,0.24996602535247803,,0.0,0.0,0.2,0,degree,degree_u_plus,9,7,2,6,2,1,264.5219693714862,0.9962338332968564,-1.1121083498001099,-1.1113197803497314,0.07411740720272064,-0.17679710686206818,0.0,0.0,3.107045888900757,3.107205867767334,2.0742156505584717,1.8242496252059937,AVAILABLE,0.2509145140647888,2446,2448
3.7550432682037354,0.0,0.0,1.3113021850585938e-05,3.7550302743911743,0.11382617801427841,0.11382617801427841,1.0,0.0,0.579321026802063,-0.11382617801427841,1.3113021850585938e-05,1.3113021850585938e-05,0.0,1.0,0.6931472048163414,3.7550432682037354,0.0,0.0,-1.3113021850585938e-05,3.7550302743911743,,0.0,0.0,0.2,0,cn,cn_plus,9,6,2,6,2,1,286141.66088857607,0.9999965052397399,2.643723487854004,-1.1113197803497314,-0.17679710686206818,-0.17679710686206818,0.0,0.0,3.1071927547454834,3.107205867767334,5.579279899597168,1.8242496252059937,AVAILABLE,3.7550432682037354,2446,2448
0.06478071212768555,0.2228778600692749,0.0,0.34892529249191284,0.1908281445503235,0.3873850405216217,0.32911160588264465,0.0,0.0,-0.3873850405216217,-0.32911160588264465,0.4137060046195984,0.4137060046195984,0.05827343463897705,0.0,-0.05827343463897705,0.06478071212768555,-0.2228778600692749,0.0,0.34892529249191284,0.1908281445503235,,0.0,0.0,0.2,0,degree,degree_u_plus,10,4,9,3,9,1,0.5387348798257393,0.35011546621127526,-0.8402746915817261,-0.9050554037094116,-0.18520034849643707,0.03767751157283783,0.0,0.0,0.6154054999351501,0.2664802074432373,-0.4049088954925537,-0.5957370400428772,AVAILABLE,0.2228778600692749,1704,1912
3.7367109060287476,0.0,0.0,0.1629313826560974,3.899642288684845,0.32911160588264465,0.32911160588264465,1.0,0.0,0.36403557658195496,-0.32911160588264465,0.1629313826560974,0.1629313826560974,0.0,1.0,0.6931471824645996,3.7367109060287476,0.0,0.0,0.1629313826560974,3.899642288684845,,0.0,0.0,0.2,0,cn,cn_plus,10,3,9,3,9,1,22.93425990604462,0.9582188877397688,2.831655502319336,-0.9050554037094116,0.03767751157283783,0.03767751157283783,0.0,0.0,0.4294115900993347,0.2664802074432373,3.3039052486419678,-0.5957370400428772,AVAILABLE,3.7367109060287476,1704,1912
0.0002765655517578125,0.005770981311798096,0.0,0.4719221591949463,0.4779696464538574,0.3354915380477905,0.2545817792415619,2.0,2.0,0.7631207704544067,0.844030499458313,0.4721987247467041,0.4721987247467041,0.08090975880622864,0.0,-0.08090972900390625,-0.0002765655517578125,-0.005770981311798096,0.0,-0.4719221591949463,-0.4779696464538574,,0.0,0.0,0.2,0,degree,degree_u_plus,11,5,5,4,5,1,0.012221509477135203,0.012073947611969088,2.8308300971984863,2.831106662750244,-0.6835392117500305,-0.6777682304382324,0.0,0.0,1.7581186294555664,2.2300407886505127,3.9105701446533203,4.388539791107178,AVAILABLE,0.005770981311798096,4,1761
0.03494882583618164,0.0,0.0,0.7108006477355957,0.6758518218994141,0.2545817792415619,0.2545817792415619,3.0,2.0,1.131712555885315,0.844030499458313,0.7108006477355957,0.7108006477355957,0.0,1.0,0.28768205642700195,-0.03494882583618164,0.0,0.0,0.7108006477355957,0.6758518218994141,,0.0,0.0,0.2,0,cn,cn_plus,11,4,5,4,5,1,0.04916825196464848,0.04686402955157778,2.7961578369140625,2.831106662750244,-0.6777682304382324,-0.6777682304382324,0.0,0.0,2.9408414363861084,2.2300407886505127,5.064391613006592,4.388539791107178,AVAILABLE,0.03494882583618164,4,1761
0.00014901161193847656,0.1094818115234375,0.0,0.016514301300048828,0.09311676025390625,0.39040136337280273,0.3873850405216217,2.0,2.0,0.7082109451293945,0.711227297782898,0.016663312911987305,0.016663312911987305,0.0030163228511810303,0.0,-0.003016352653503418,0.00014901161193847656,0.1094818115234375,0.0,-0.016514301300048828,0.09311676025390625,,0.0,0.0,0.2,0,degree,degree_u_plus,12,10,4,9,4,1,6.570226845011698,0.867903562142403,2.80016827583313,2.8000192642211914,-0.07571853697299957,-0.18520034849643707,0.0,0.0,3.0154013633728027,3.0319156646728516,5.745011806488037,5.651895046234131,AVAILABLE,0.1094818115234375,236,2046
0.016399383544921875,0.0,0.0,0.037698984146118164,0.05409860610961914,0.3873850405216217,0.3873850405216217,3.0,2.0,0.9989093542098999,0.711227297782898,0.037698984146118164,0.037698984146118164,0.0,1.0,0.28768205642700195,0.016399383544921875,0.0,0.0,0.037698984146118164,0.05409860610961914,,0.0,0.0,0.2,0,cn,cn_plus,12,9,4,9,4,1,0.4350085172394581,0.3031400246155255,2.8164186477661133,2.8000192642211914,-0.18520034849643707,-0.18520034849643707,0.0,0.0,3.0696146488189697,3.0319156646728516,5.70599365234375,5.651895046234131,AVAILABLE,0.016399383544921875,236,2046
0.0002518892288208008,1.843213438987732,0.0,0.023177146911621094,1.8202879428863525,0.0009470152435824275,0.0017507561715319753,0.0,0.0,-0.0009470152435824275,-0.0017507561715319753,0.023429036140441895,0.023429036140441895,-0.0008037409279495478,0.0,0.0008037409279495478,-0.0002518892288208008,-1.843213438987732,0.0,0.023177146911621094,-1.8202879428863525,,0.0,0.0,0.2,0,degree,degree_u_plus,13,1,1,0,1,1,78.6721502846879,0.9874485626856215,-1.150576114654541,-1.1503242254257202,-0.46498358249664307,1.3782298564910889,0.0,0.0,2.739886999130249,2.716709852218628,1.1294879913330078,2.9497759342193604,AVAILABLE,1.843213438987732,1411,2218
,,,,,,,,,,,,,,,,,,,,,NO_CANDIDATE,,,,,cn,cn,13,,,,,,,,,,,,,,,,,,MISSING,,1411,2218
0.0006024837493896484,0.1939203143119812,0.0,0.004244327545166016,0.19876718521118164,0.5552552938461304,0.5479365587234497,1.0,1.0,0.13789188861846924,0.1452106237411499,0.004846811294555664,0.004846811294555664,0.007318735122680664,0.0,-0.007318735122680664,-0.0006024837493896484,-0.1939203143119812,0.0,-0.004244327545166016,-0.19876718521118164,,0.0,0.0,0.2,0,degree,degree_u_plus,14,5,22,4,22,1,40.00979250664925,0.9756155801120462,2.826265573501587,2.8268680572509766,0.552980899810791,0.7469012141227722,0.0,0.0,3.0224640369415283,3.0267083644866943,6.406871318817139,6.60563850402832,AVAILABLE,0.1939203143119812,1359,1914
0.022954463958740234,0.0,0.0,0.017876148223876953,0.04083061218261719,0.5479365587234497,0.5479365587234497,2.0,1.0,0.5506757497787476,0.1452106237411499,0.017876148223876953,0.017876148223876953,0.0,1.0,0.40546512603759766,0.022954463958740234,0.0,0.0,0.017876148223876953,0.04083061218261719,,0.0,0.0,0.2,0,cn,cn_plus,14,4,22,4,22,1,1.284082612788706,0.5621874644984625,2.849822521209717,2.8268680572509766,0.7469012141227722,0.7469012141227722,0.0,0.0,3.0445845127105713,3.0267083644866943,6.6464691162109375,6.60563850402832,AVAILABLE,0.022954463958740234,1359,1914
0.014329314231872559,0.009753584861755371,0.0,0.03163504600524902,0.007552146911621094,-0.00730321928858757,-0.1130446344614029,0.0,0.0,0.00730321928858757,0.1130446344614029,0.04596436023712158,0.04596436023712158,0.10574141517281532,0.0,-0.10574141517281532,0.014329314231872559,0.009753584861755371,0.0,-0.03163504600524902,-0.007552146911621094,,0.0,0.0,0.2,0,degree,degree_u_plus,15,30,1,29,1,1,0.21219881424325956,0.17505281456303776,-1.1531554460525513,-1.1674847602844238,2.009061813354492,1.9993082284927368,0.0,0.0,2.7974953651428223,2.8291304111480713,3.658562421798706,3.666114568710327,AVAILABLE,0.009753584861755371,1013,1844
3.995340585708618,0.0,0.0,2.460645079612732,1.5346958637237549,-0.1130446344614029,-0.1130446344614029,1.0,0.0,0.8061918020248413,0.1130446344614029,2.460645079612732,2.460645079612732,0.0,1.0,0.6931471675634384,3.995340585708618,0.0,0.0,-2.460645079612732,1.5346958637237549,,0.0,0.0,0.2,0,cn,cn_plus,15,29,1,29,1,1,1.6236964048876403,0.6188583411795981,2.8278558254241943,-1.1674847602844238,1.9993082284927368,1.9993082284927368,0.0,0.0,0.36848533153533936,2.8291304111480713,5.200810432434082,3.666114568710327,AVAILABLE,3.995340585708618,1013,1844
0.0005788803100585938,0.128859281539917,0.0,0.07396054267883301,0.05431985855102539,0.0032970954198390245,0.0023449622094631195,1.0,1.0,0.6898500919342041,0.6908022165298462,0.0745394229888916,0.0745394229888916,0.000952133210375905,0.0,-0.0009521245956420898,-0.0005788803100585938,0.128859281539917,0.0,-0.07396054267883301,0.05431985855102539,,0.0,0.0,0.2,0,degree,degree_u_plus,16,3,1,2,1,1,1.728739760592498,0.6335304617751941,2.856222152709961,2.8568010330200195,-0.6325688362121582,-0.7614281177520752,0.0,0.0,3.0154175758361816,3.0893781185150146,5.244231700897217,5.189911842346191,AVAILABLE,0.128859281539917,2263,2490
,,,,,,,,,,,,,,,,,,,,,NO_CANDIDATE,,,,,cn,cn,16,,,,,,,,,,,,,,,,,,MISSING,,2263,2490
0.00011229515075683594,0.023350238800048828,0.0,0.011469602584838867,0.011768817901611328,0.18367090821266174,0.185084268450737,1.0,1.0,0.5094763040542603,0.5080628991127014,0.011581897735595703,0.011581897735595703,-0.0014133602380752563,0.0,0.0014134049415588379,-0.00011229515075683594,0.023350238800048828,0.0,-0.011469602584838867,0.011768817901611328,,0.0,0.0,0.2,0,degree,degree_u_plus,17,27,2,26,2,1,2.016096081329026,0.6684455756597264,2.772256851196289,2.772369146347046,1.515295386314392,1.4919451475143433,0.0,0.0,2.8955650329589844,2.9070346355438232,7.1882781982421875,7.176509380340576,AVAILABLE,0.023350238800048828,1072,1802
0.040381669998168945,0.0,0.0,0.02803349494934082,0.06841564178466797,0.185084268450737,0.185084268450737,2.0,1.0,0.9135280251502991,0.5080628991127014,0.02803349494934082,0.02803349494934082,0.0,1.0,0.40546512603759766,0.040381669998168945,0.0,0.0,0.02803349494934082,0.06841564178466797,,0.0,0.0,0.2,0,cn,cn_plus,17,26,2,26,2,1,1.4404788153012766,0.5902443431468386,2.812750816345215,2.772369146347046,1.4919451475143433,1.4919451475143433,0.0,0.0,2.935068130493164,2.9070346355438232,7.244925022125244,7.176509380340576,AVAILABLE,0.040381669998168945,1072,1802
0.044083356857299805,0.28237950801849365,0.0,0.3119823932647705,0.5502786636352539,0.11744314432144165,-0.00917402096092701,0.0,0.0,-0.11744314432144165,0.00917402096092701,0.3560657501220703,0.3560657501220703,0.12661716528236866,0.0,-0.12661716528236866,0.044083356857299805,-0.28237950801849365,0.0,-0.3119823932647705,-0.5502786636352539,,0.0,0.0,0.2,0,degree,degree_u_plus,18,2,55,1,55,1,0.7930543726576946,0.4422924283563227,-1.109655499458313,-1.1537388563156128,1.8551603555679321,2.137539863586426,0.0,0.0,2.6037416458129883,2.915724039077759,3.3544070720672607,3.9046857357025146,AVAILABLE,0.28237950801849365,968,1986
3.973809599876404,0.0,0.0,0.0011649131774902344,3.9749743938446045,-0.00917402096092701,-0.00917402096092701,1.0,0.0,0.7023212313652039,0.00917402096092701,0.0011649131774902344,0.0011649131774902344,0.0,1.0,0.6931472104042768,3.973809599876404,0.0,0.0,0.0011649131774902344,3.9749743938446045,,0.0,0.0,0.2,0,cn,cn_plus,18,1,55,1,55,1,3411.220307623862,0.9997069356870758,2.820070743560791,-1.1537388563156128,2.137539863586426,2.137539863586426,0.0,0.0,2.916888952255249,2.915724039077759,7.879660129547119,3.9046857357025146,AVAILABLE,3.973809599876404,968,1986
7.343292236328125e-05,0.020319104194641113,0.0,0.22343063354492188,0.24367642402648926,0.0015157287707552314,0.0017507561715319753,0.0,0.0,-0.0015157287707552314,-0.0017507561715319753,0.22350406646728516,0.22350406646728516,-0.0002350274007767439,0.0,0.0002350274007767439,-7.343292236328125e-05,0.020319104194641113,0.0,0.22343063354492188,0.24367642402648926,,0.0,0.0,0.2,0,degree,degree_u_plus,19,2,0,1,0,1,0.0909115597165194,0.08333540781265841,-1.1503976583480835,-1.1503242254257202,1.39854896068573,1.3782298564910889,0.0,0.0,2.402238607406616,2.1788079738616943,2.655550479888916,2.4118740558624268,AVAILABLE,0.020319104194641113,968,1603
,,,,,,,,,,,,,,,,,,,,,NO_CANDIDATE,,,,,cn,cn,19,,,,,,,,,,,,,,,,,,MISSING,,968,1603
0.000788569450378418,0.2509145140647888,0.0,0.005291938781738281,0.2448340654373169,0.1121114194393158,0.11382617801427841,0.0,0.0,-0.1121114194393158,-0.11382617801427841,0.006080508232116699,0.006080508232116699,-0.001714758574962616,0.0,0.001714758574962616,-0.000788569450378418,0.2509145140647888,0.0,-0.005291938781738281,0.2448340654373169,,0.0,0.0,0.2,0,degree,degree_u_plus,20,7,2,6,2,1,41.26531727830089,0.9763399386448377,-1.1121083498001099,-1.1113197803497314,0.07411740720272064,-0.17679710686206818,0.0,0.0,3.0782082080841064,3.0835001468658447,2.0453779697418213,1.8005439043045044,AVAILABLE,0.2509145140647888,650,1486
3.7408387660980225,0.0,0.0,0.027112960815429688,3.7679518461227417,0.11382617801427841,0.11382617801427841,1.0,0.0,0.579321026802063,-0.11382617801427841,0.027112960815429688,0.027112960815429688,0.0,1.0,0.6931472048163414,3.7408387660980225,0.0,0.0,0.027112960815429688,3.7679518461227417,,0.0,0.0,0.2,0,cn,cn_plus,20,6,2,6,2,1,137.97229346660723,0.9928043210984333,2.629518985748291,-1.1113197803497314,-0.17679710686206818,-0.17679710686206818,0.0,0.0,3.1106131076812744,3.0835001468658447,5.568495750427246,1.8005439043045044,AVAILABLE,3.7408387660980225,650,1486
4.76837158203125e-06,0.08424723148345947,0.0,0.011227130889892578,0.07301545143127441,-0.0008464786224067211,-0.0008313379948958755,0.0,0.0,0.0008464786224067211,0.0008313379948958755,0.01123189926147461,0.01123189926147461,-1.5140627510845661e-05,0.0,1.5140627510845661e-05,-4.76837158203125e-06,0.08424723148345947,0.0,-0.011227130889892578,0.07301545143127441,,0.0,0.0,0.2,0,degree,degree_u_plus,21,12,1,11,1,1,7.500704423639447,0.8823626901766966,-1.1511377096176147,-1.1511329412460327,1.4739527702331543,1.3897055387496948,0.0,0.0,3.052964925765991,3.064192056655884,3.3809406757354736,3.307925224304199,AVAILABLE,0.08424723148345947,73,1751
3.8078054189682007,0.0,0.0,0.0479581356048584,3.8557639122009277,-0.0008313379948958755,-0.0008313379948958755,1.0,0.0,0.6939785480499268,0.0008313379948958755,0.0479581356048584,0.0479581356048584,0.0,1.0,0.6931472100550309,3.8078054189682007,0.0,0.0,0.0479581356048584,3.8557639122009277,,0.0,0.0,0.2,0,cn,cn_plus,21,11,1,11,1,1,79.39851241000551,0.987561958921574,2.656672477722168,-1.1511329412460327,1.3897055387496948,1.3897055387496948,0.0,0.0,3.112150192260742,3.064192056655884,7.163689136505127,3.307925224304199,AVAILABLE,3.8078054189682007,73,1751
0.0005526542663574219,0.16287587583065033,0.0,0.0018262863159179688,0.16049718856811523,0.2723434865474701,0.30228549242019653,1.0,1.0,0.4208036959171295,0.3908616900444031,0.0023789405822753906,0.0023789405822753906,-0.02994200587272644,0.0,0.02994200587272644,-0.0005526542663574219,0.16287587583065033,0.0,-0.0018262863159179688,0.16049718856811523,,0.0,0.0,0.2,0,degree,degree_u_plus,22,8,3,7,3,1,68.46543053234201,0.985604350360509,2.8595004081726074,2.860053062438965,-0.1232498437166214,-0.28612571954727173,0.0,0.0,2.9579665660858154,2.9597928524017334,5.69937801361084,5.538880825042725,AVAILABLE,0.16287587583065033,1602,2074
0.0029168128967285156,0.0,0.0,0.061133384704589844,0.06405067443847656,0.30228549242019653,0.30228549242019653,2.0,1.0,0.7963268160820007,0.3908616900444031,0.061133384704589844,0.061133384704589844,0.0,1.0,0.40546512603759766,0.0029168128967285156,0.0,0.0,0.061133384704589844,0.06405067443847656,,0.0,0.0,0.2,0,cn,cn_plus,22,7,3,7,3,1,0.04771226775190882,0.045539476076085016,2.8629698753356934,2.860053062438965,-0.28612571954727173,-0.28612571954727173,0.0,0.0,3.0209262371063232,2.9597928524017334,5.602931499481201,5.538880825042725,AVAILABLE,0.0029168128967285156,1602,2074
0.14733827114105225,0.10529226064682007,0.0,0.0037403106689453125,0.2563709020614624,0.38253599405288696,0.2545817792415619,0.0,0.0,-0.38253599405288696,-0.2545817792415619,0.15107858180999756,0.15107858180999756,0.12795421481132507,0.0,-0.12795421481132507,0.14733827114105225,0.10529226064682007,0.0,0.0037403106689453125,0.2563709020614624,,0.0,0.0,0.2,0,degree,degree_u_plus,23,6,4,5,4,1,0.6969370007051681,0.41070293146743425,-0.84553462266922,-0.9928728938102722,-0.5724759697914124,-0.6777682304382324,0.0,0.0,3.0583994388580322,3.054659128189087,1.6455495357513428,1.3891786336898804,AVAILABLE,0.10529226064682007,1599,2614
3.6205405592918396,0.0,0.0,0.014513254165649414,3.6350537538528442,0.2545817792415619,0.2545817792415619,1.0,0.0,0.4385654032230377,-0.2545817792415619,0.014513254165649414,0.014513254165649414,0.0,1.0,0.6931471824645996,3.6205405592918396,0.0,0.0,0.014513254165649414,3.6350537538528442,,0.0,0.0,0.2,0,cn,cn_plus,23,5,4,5,4,1,249.46424994186233,0.9960074142308448,2.6276676654815674,-0.9928728938102722,-0.6777682304382324,-0.6777682304382324,0.0,0.0,3.0691723823547363,3.054659128189087,5.024232387542725,1.3891786336898804,AVAILABLE,3.6205405592918396,1599,2614
0.00011980533599853516,0.24500131607055664,0.0,0.13911175727844238,0.3842329978942871,0.0018984380876645446,0.0015157287707552314,0.0,0.0,-0.0018984380876645446,-0.0015157287707552314,0.13923156261444092,0.13923156261444092,0.0003827093169093132,0.0,-0.0003827093169093132,0.00011980533599853516,0.24500131607055664,0.0,0.13911175727844238,0.3842329978942871,,0.0,0.0,0.2,0,degree,degree_u_plus,24,3,0,2,0,1,1.7596678071647769,0.6376375455756834,-1.150277853012085,-1.1503976583480835,1.6435502767562866,1.39854896068573,0.0,0.0,-2.3216991424560547,-2.460810899734497,-1.8232660293579102,-2.2074990272521973,AVAILABLE,0.24500131607055664,1201,2533
,,,,,,,,,,,,,,,,,,,,,NO_CANDIDATE,,,,,cn,cn,24,,,,,,,,,,,,,,,,,,MISSING,,1201,2533
0.0008606910705566406,0.03646981716156006,0.0,0.0022783279418945312,0.0378875732421875,0.477459579706192,0.38253599405288696,1.0,1.0,0.2156876027584076,0.31061118841171265,0.003139019012451172,0.003139019012451172,0.09492358565330505,0.0,-0.09492358565330505,0.0008606910705566406,-0.03646981716156006,0.0,-0.0022783279418945312,-0.0378875732421875,,0.0,0.0,0.2,0,degree,degree_u_plus,25,5,6,4,6,1,11.618184163606022,0.9207492942697533,2.8628501892089844,2.8619894981384277,-0.6089457869529724,-0.5724759697914124,0.0,0.0,3.1489529609680176,3.151231288909912,5.408018112182617,5.445905685424805,AVAILABLE,0.03646981716156006,1409,1826
0.009019613265991211,0.0,0.0,0.00047397613525390625,0.009493350982666016,0.38253599405288696,0.38253599405288696,2.0,1.0,0.7160763144493103,0.31061118841171265,0.00047397613525390625,0.00047397613525390625,0.0,1.0,0.40546512603759766,0.009019613265991211,0.0,0.0,0.00047397613525390625,0.009493350982666016,,0.0,0.0,0.2,0,cn,cn_plus,25,4,6,4,6,1,19.02927658666547,0.950073084483453,2.871009111404419,2.8619894981384277,-0.5724759697914124,-0.5724759697914124,0.0,0.0,3.151705265045166,3.151231288909912,5.455399036407471,5.445905685424805,AVAILABLE,0.009019613265991211,1409,1826
0.012186884880065918,0.0853930115699768,0.0,0.08682584762573242,0.16003203392028809,0.5147589445114136,0.5266828536987305,0.0,0.0,-0.5147589445114136,-0.5266828536987305,0.09901273250579834,0.09901273250579834,-0.011923909187316895,0.0,0.011923909187316895,-0.012186884880065918,0.0853930115699768,0.0,0.08682584762573242,0.16003203392028809,,0.0,0.0,0.2,0,degree,degree_u_plus,26,11,5,10,5,1,0.8624446652911979,0.4630712962182705,-0.7076100707054138,-0.6954231858253479,-0.12445385754108429,-0.2098468691110611,0.0,0.0,-1.2245023250579834,-1.3113281726837158,-2.051405668258667,-2.211437702178955,AVAILABLE,0.0853930115699768,756,885
3.5463386178016663,0.0,0.0,1.1117129921913147,4.658051490783691,0.5266828536987305,0.5266828536987305,1.0,0.0,0.16646432876586914,-0.5266828536987305,1.1117129921913147,1.1117129921913147,0.0,1.0,0.6931471824645996,3.5463386178016663,0.0,0.0,1.1117129921913147,4.658051490783691,,0.0,0.0,0.2,0,cn,cn_plus,26,10,5,10,5,1,3.189976739330586,0.7613351905720208,2.8509154319763184,-0.6954231858253479,-0.2098468691110611,-0.2098468691110611,0.0,0.0,-0.19961518049240112,-1.3113281726837158,2.4466137886047363,-2.211437702178955,AVAILABLE,3.5463386178016663,756,885
0.0011196136474609375,0.5511846989393234,0.0,0.02130270004272461,0.5713677406311035,0.10139347612857819,0.004185919184237719,1.0,1.0,0.5917537212371826,0.6889612674713135,0.022422313690185547,0.022422313690185547,0.09720755694434047,0.0,-0.09720754623413086,0.0011196136474609375,-0.5511846989393234,0.0,-0.02130270004272461,-0.5713677406311035,,0.0,0.0,0.2,0,degree,degree_u_plus,27,2,4,1,4,1,24.581961555598355,0.9609099561100246,2.843921661376953,2.842802047729492,-0.7203777432441711,-0.16919304430484772,0.0,0.0,3.067298650741577,3.0886013507843018,5.196003437042236,5.76737117767334,AVAILABLE,0.5511846989393234,1153,1401
,,,,,,,,,,,,,,,,,,,,,NO_CANDIDATE,,,,,cn,cn,27,,,,,,,,,,,,,,,,,,MISSING,,1153,1401
0.0006544589996337891,0.16287587583065033,0.0,0.0008141994476318359,0.16303539276123047,0.2723434865474701,0.30228549242019653,2.0,2.0,0.8262687921524048,0.7963268160820007,0.001468658447265625,0.001468658447265625,-0.02994200587272644,0.0,0.029941976070404053,-0.0006544589996337891,0.16287587583065033,0.0,0.0008141994476318359,0.16303539276123047,,0.0,0.0,0.2,0,degree,degree_u_plus,28,8,3,7,3,1,110.90037110410695,0.9910634791454834,2.798489809036255,2.7991442680358887,-0.1232498437166214,-0.28612571954727173,0.0,0.0,3.0787389278411865,3.0779247283935547,5.759139537811279,5.596104145050049,AVAILABLE,0.16287587583065033,102,1251
0.006656646728515625,0.0,0.0,0.002995729446411133,0.0036611557006835938,0.30228549242019653,0.30228549242019653,3.0,2.0,1.0840089321136475,0.7963268160820007,0.002995729446411133,0.002995729446411133,0.0,1.0,0.28768211603164673,0.006656646728515625,0.0,0.0,-0.002995729446411133,0.0036611557006835938,,0.0,0.0,0.2,0,cn,cn_plus,28,7,3,7,3,1,2.2220379467547566,0.6896374231075701,2.8058009147644043,2.7991442680358887,-0.28612571954727173,-0.28612571954727173,0.0,0.0,3.0749289989471436,3.0779247283935547,5.599765300750732,5.596104145050049,AVAILABLE,0.006656646728515625,102,1251
0.00189971923828125,0.28852151334285736,0.0,0.008566141128540039,0.28185510635375977,0.11382617801427841,0.10194086283445358,1.0,1.0,0.579321026802063,0.5912063121795654,0.010465860366821289,0.010465860366821289,0.011885315179824829,0.0,-0.011885285377502441,0.00189971923828125,0.28852151334285736,0.0,-0.008566141128540039,0.28185510635375977,,0.0,0.0,0.2,0,degree,degree_u_plus,29,6,2,5,2,1,27.567847033298158,0.9649956120657459,2.6807503700256348,2.6788506507873535,-0.17679710686206818,-0.46531862020492554,0.0,0.0,3.052788496017456,3.061354637145996,5.5619025230407715,5.280047416687012,AVAILABLE,0.28852151334285736,567,1513
0.039177894592285156,0.0,0.0,0.0049593448638916016,0.04413747787475586,0.10194086283445358,0.10194086283445358,2.0,1.0,0.9966714382171631,0.5912063121795654,0.0049593448638916016,0.0049593448638916016,0.0,1.0,0.40546512603759766,0.039177894592285156,0.0,0.0,0.0049593448638916016,0.04413747787475586,,0.0,0.0,0.2,0,cn,cn_plus,29,5,2,5,2,1,7.8997965799007765,0.8876378812681639,2.7180285453796387,2.6788506507873535,-0.46531862020492554,-0.46531862020492554,0.0,0.0,3.0663139820098877,3.061354637145996,5.324184894561768,5.280047416687012,AVAILABLE,0.039177894592285156,567,1513
0.006058454513549805,0.08448797464370728,0.0,0.0011212825775146484,0.07730817794799805,0.5181578397750854,0.3975265920162201,2.0,2.0,0.5804544687271118,0.7010856866836548,0.007179737091064453,0.007179737091064453,0.12063124775886536,0.0,-0.12063121795654297,0.006058454513549805,-0.08448797464370728,0.0,0.0011212825775146484,-0.07730817794799805,,0.0,0.0,0.2,0,degree,degree_u_plus,30,5,7,4,7,1,11.767541888607289,0.9216763877710621,2.7547831535339355,2.7487246990203857,-0.5221397876739502,-0.4376518130302429,0.0,0.0,2.9938008785247803,2.9926795959472656,5.231605052947998,5.308913230895996,AVAILABLE,0.08448797464370728,1282,1735
0.014243841171264648,0.0,0.0,0.06668663024902344,0.08093023300170898,0.3975265920162201,0.3975265920162201,3.0,2.0,0.9887677431106567,0.7010856866836548,0.06668663024902344,0.06668663024902344,0.0,1.0,0.28768205642700195,0.014243841171264648,0.0,0.0,0.06668663024902344,0.08093023300170898,,0.0,0.0,0.2,0,cn,cn_plus,30,4,7,4,7,1,0.2135936241213357,0.17600094453032533,2.7629685401916504,2.7487246990203857,-0.4376518130302429,-0.4376518130302429,0.0,0.0,3.059366226196289,2.9926795959472656,5.389843463897705,5.308913230895996,AVAILABLE,0.014243841171264648,1282,1735
0.006194591522216797,0.24768412113189697,0.0,0.1576530933380127,0.4115324020385742,0.1255921870470047,0.021792499348521233,1.0,1.0,0.5675550103187561,0.6713547110557556,0.1638476848602295,0.1638476848602295,0.10379968769848347,0.0,-0.10379970073699951,-0.006194591522216797,-0.24768412113189697,0.0,-0.1576530933380127,-0.4115324020385742,,0.0,0.0,0.2,0,degree,degree_u_plus,31,2,65,1,65,1,1.5116729066172354,0.6018589851547121,2.807699680328369,2.813894271850586,1.9140597581863403,2.1617438793182373,0.0,0.0,2.7330520153045654,2.890705108642578,7.459971904754639,7.871504306793213,AVAILABLE,0.24768412113189697,1440,1701
,,,,,,,,,,,,,,,,,,,,,NO_CANDIDATE,,,,,cn,cn,31,,,,,,,,,,,,,,,,,,MISSING,,1440,1701
0.0005295276641845703,0.05098426342010498,0.0,0.01487588882446289,0.06533050537109375,0.46865391731262207,0.4843898415565491,1.0,1.0,0.22449326515197754,0.20875734090805054,0.015405416488647461,0.015405416488647461,-0.015735924243927002,0.0,0.015735924243927002,-0.0005295276641845703,0.05098426342010498,0.0,0.01487588882446289,0.06533050537109375,,0.0,0.0,0.2,0,degree,degree_u_plus,32,19,4,18,4,1,3.309500289243937,0.76795453466011,2.822077512741089,2.8226070404052734,0.6165584325790405,0.5655741691589355,0.0,0.0,2.9222538471221924,2.9073779582977295,6.3660502433776855,6.300719738006592,AVAILABLE,0.05098426342010498,118,581
0.018454790115356445,0.0,0.0,0.04898548126220703,0.06744050979614258,0.4843898415565491,0.4843898415565491,2.0,1.0,0.6142224669456482,0.20875734090805054,0.04898548126220703,0.04898548126220703,0.0,1.0,0.40546512603759766,0.018454790115356445,0.0,0.0,0.04898548126220703,0.06744050979614258,,0.0,0.0,0.2,0,cn,cn_plus,32,18,4,18,4,1,0.37673992114466276,0.2736463985379533,2.84106183052063,2.8226070404052734,0.5655741691589355,0.5655741691589355,0.0,0.0,2.9563634395599365,2.9073779582977295,6.368160247802734,6.300719738006592,AVAILABLE,0.018454790115356445,118,581
0.14286983013153076,0.1780923455953598,0.0,0.046660423278808594,0.01143789291381836,0.3975265920162201,0.2723434865474701,0.0,0.0,-0.3975265920162201,-0.2723434865474701,0.18953025341033936,0.18953025341033936,0.12518310546875,0.0,-0.12518310546875,0.14286983013153076,-0.1780923455953598,0.0,0.046660423278808594,0.01143789291381836,,0.0,0.0,0.2,0,degree,degree_u_plus,33,4,8,3,8,1,0.9396512324249976,0.4844433972030237,-0.8292879462242126,-0.9721577763557434,-0.3013421893119812,-0.1232498437166214,0.0,0.0,2.9643428325653076,2.917682409286499,1.8388733863830566,1.8274354934692383,AVAILABLE,0.1780923455953598,124,1367
3.7892404198646545,0.0,0.0,0.06682109832763672,3.8560614585876465,0.2723434865474701,0.2723434865474701,1.0,0.0,0.4208036959171295,-0.2723434865474701,0.06682109832763672,0.06682109832763672,0.0,1.0,0.6931471824645996,3.7892404198646545,0.0,0.0,0.06682109832763672,3.8560614585876465,,0.0,0.0,0.2,0,cn,cn_plus,33,3,8,3,8,1,56.70723690013165,0.9826711509038182,2.817082643508911,-0.9721577763557434,-0.1232498437166214,-0.1232498437166214,0.0,0.0,2.9845035076141357,2.917682409286499,5.683496952056885,1.8274354934692383,AVAILABLE,3.7892404198646545,124,1367
2.574920654296875e-05,0.037670135498046875,0.0,0.008018255233764648,0.029677867889404297,0.012189025990664959,0.012189025990664959,1.0,1.0,0.6809581518173218,0.6809581518173218,0.008044004440307617,0.008044004440307617,0.0,0.0,0.0,2.574920654296875e-05,0.037670135498046875,0.0,-0.008018255233764648,0.029677867889404297,,0.0,0.0,0.2,0,degree,degree_u_plus,34,18,1,17,1,1,4.683001973403506,0.8240366614898239,2.8450560569763184,2.8450303077697754,1.7872769832611084,1.7496068477630615,0.0,0.0,2.852163076400757,2.8601813316345215,7.489656925201416,7.459979057312012,AVAILABLE,0.037670135498046875,1042,1517
,,,,,,,,,,,,,,,,,,,,,NO_CANDIDATE,,,,,cn,cn,34,,,,,,,,,,,,,,,,,,MISSING,,1042,1517
0.06888729333877563,0.1788744330406189,0.0,0.004680633544921875,0.2524423599243164,0.28218379616737366,0.22175131738185883,0.0,0.0,-0.28218379616737366,-0.22175131738185883,0.07356792688369751,0.07356792688369751,0.06043247878551483,0.0,-0.06043247878551483,0.06888729333877563,0.1788744330406189,0.0,0.004680633544921875,0.2524423599243164,,0.0,0.0,0.2,0,degree,degree_u_plus,35,6,3,5,3,1,2.431418368077916,0.7085753199601416,-0.9605796933174133,-1.029466986656189,-0.45889872312545776,-0.6377731561660767,0.0,0.0,3.0881850719451904,3.0835044384002686,1.6738673448562622,1.4214249849319458,AVAILABLE,0.1788744330406189,492,1533
3.883546233177185,0.0,0.0,0.01648092269897461,3.900027632713318,0.22175131738185883,0.22175131738185883,1.0,0.0,0.4713958501815796,-0.22175131738185883,0.01648092269897461,0.01648092269897461,0.0,1.0,0.6931471675634384,3.883546233177185,0.0,0.0,0.01648092269897461,3.900027632713318,,0.0,0.0,0.2,0,cn,cn_plus,35,5,3,5,3,1,235.6387410901087,0.9957741492564008,2.854079246520996,-1.029466986656189,-0.6377731561660767,-0.6377731561660767,0.0,0.0,3.099985361099243,3.0835044384002686,5.321452617645264,1.4214249849319458,AVAILABLE,3.883546233177185,492,1533
0.00801992416381836,0.05505692958831787,0.0,0.246443510055542,0.18336665630340576,0.17500290274620056,0.16522985696792603,0.0,0.0,-0.17500290274620056,-0.16522985696792603,0.25446343421936035,0.25446343421936035,0.009773045778274536,0.0,-0.009773045778274536,0.00801992416381836,0.05505692958831787,0.0,-0.246443510055542,-0.18336665630340576,,0.0,0.0,0.2,0,degree,degree_u_plus,36,4,3,3,3,1,0.21636478967429215,0.17787820850374045,-1.0709792375564575,-1.0789991617202759,-0.7589792013168335,-0.8140361309051514,0.0,0.0,2.537968635559082,2.784412145614624,0.7131708264350891,0.8965374827384949,AVAILABLE,0.05505692958831787,972,1000
3.9123483896255493,0.0,0.0,0.15711688995361328,4.069465458393097,0.16522985696792603,0.16522985696792603,1.0,0.0,0.5279173254966736,-0.16522985696792603,0.15711688995361328,0.15711688995361328,0.0,1.0,0.6931471824645996,3.9123483896255493,0.0,0.0,0.15711688995361328,4.069465458393097,,0.0,0.0,0.2,0,cn,cn_plus,36,3,3,3,3,1,24.900875658701384,0.9613912667209747,2.8333492279052734,-1.0789991617202759,-0.8140361309051514,-0.8140361309051514,0.0,0.0,2.9415290355682373,2.784412145614624,4.966002941131592,0.8965374827384949,AVAILABLE,3.9123483896255493,972,1000
0.00043833255767822266,0.29644453525543213,0.0,0.5951032638549805,0.8911095261573792,0.0023449622094631195,0.0009470152435824275,0.0,0.0,-0.0023449622094631195,-0.0009470152435824275,0.5955415964126587,0.5955415964126587,0.001397946965880692,0.0,-0.001397946965880692,0.00043833255767822266,-0.29644453525543213,0.0,-0.5951032638549805,-0.8911095261573792,,0.0,0.0,0.2,0,degree,degree_u_plus,37,2,1,1,1,1,0.49777300538431524,0.3323420862806852,-1.1501377820968628,-1.150576114654541,-0.7614281177520752,-0.46498358249664307,0.0,0.0,2.3929953575134277,2.988098621368408,0.48659008741378784,1.377699613571167,AVAILABLE,0.29644453525543213,468,647
4.0113890171051025,0.0,0.0,0.09282422065734863,4.10421347618103,0.0009470152435824275,0.0009470152435824275,1.0,0.0,0.6922001838684082,-0.0009470152435824275,0.09282422065734863,0.09282422065734863,0.0,1.0,0.6931471991119906,4.0113890171051025,0.0,0.0,0.09282422065734863,4.10421347618103,,0.0,0.0,0.2,0,cn,cn_plus,37,1,1,1,1,1,43.21489107636932,0.9773831852650554,2.8608129024505615,-1.150576114654541,-0.46498358249664307,-0.46498358249664307,0.0,0.0,3.080922842025757,2.988098621368408,5.481913089752197,1.377699613571167,AVAILABLE,4.0113890171051025,468,647
7.724761962890625e-05,0.4306286722421646,0.0,0.32143910229206085,0.751990556716919,0.0039391471073031425,0.004185919184237719,0.0,0.0,-0.0039391471073031425,-0.004185919184237719,0.32151634991168976,0.32151634991168976,-0.00024677207693457603,0.0,0.00024677207693457603,-7.724761962890625e-05,0.4306286722421646,0.0,0.32143910229206085,0.751990556716919,,0.0,0.0,0.2,0,degree,degree_u_plus,38,5,1,4,1,1,1.339367839199363,0.5725340909438829,-1.1496375799179077,-1.1495603322982788,0.2614356279373169,-0.16919304430484772,0.0,0.0,-0.14744235575199127,-0.4688814580440521,-1.030483603477478,-1.782474160194397,AVAILABLE,0.4306286722421646,121,1910
3.997836470603943,0.0,0.0,2.0921951234340668,6.090031743049622,0.004185919184237719,0.004185919184237719,1.0,0.0,0.6889612674713135,-0.004185919184237719,2.0921951234340668,2.0921951234340668,0.0,1.0,0.6931471866555512,3.997836470603943,0.0,0.0,2.0921951234340668,6.090031743049622,,0.0,0.0,0.2,0,cn,cn_plus,38,4,1,4,1,1,1.910833462288966,0.656455783899901,2.848276138305664,-1.1495603322982788,-0.16919304430484772,-0.16919304430484772,0.0,0.0,1.6233136653900146,-0.4688814580440521,4.307557582855225,-1.782474160194397,AVAILABLE,3.997836470603943,121,1910
0.08252859115600586,0.47403788566589355,0.0,0.6241340637207031,1.0156433582305908,0.185084268450737,0.01793321780860424,0.0,0.0,-0.185084268450737,-0.01793321780860424,0.706662654876709,0.706662654876709,0.16715105064213276,0.0,-0.16715105064213276,0.08252859115600586,-0.47403788566589355,0.0,-0.6241340637207031,-1.0156433582305908,,0.0,0.0,0.2,0,degree,degree_u_plus,39,2,26,1,26,1,0.6708121275214088,0.4014886631907174,-1.062696099281311,-1.145224690437317,1.4919451475143433,1.9659830331802368,0.0,0.0,1.8920166492462158,2.516150712966919,2.3264262676239014,3.342069625854492,AVAILABLE,0.47403788566589355,547,598
3.973704218864441,0.0,0.0,0.24520015716552734,4.218904972076416,0.01793321780860424,0.01793321780860424,1.0,0.0,0.6752139925956726,-0.01793321780860424,0.24520015716552734,0.24520015716552734,0.0,1.0,0.6931472104042768,3.973704218864441,0.0,0.0,0.24520015716552734,4.218904972076416,,0.0,0.0,0.2,0,cn,cn_plus,39,1,26,1,26,1,16.205960480369132,0.9418806057853653,2.828479528427124,-1.145224690437317,1.9659830331802368,1.9659830331802368,0.0,0.0,2.7613508701324463,2.516150712966919,7.560974597930908,3.342069625854492,AVAILABLE,3.973704218864441,547,598
0.00029850006103515625,0.128859281539917,0.0,0.6363062858581543,0.5071485042572021,0.0032970954198390245,0.0023449622094631195,0.0,0.0,-0.0032970954198390245,-0.0023449622094631195,0.6366047859191895,0.6366047859191895,0.000952133210375905,0.0,-0.000952133210375905,0.00029850006103515625,0.128859281539917,0.0,-0.6363062858581543,-0.5071485042572021,,0.0,0.0,0.2,0,degree,degree_u_plus,40,3,1,2,1,1,0.20241644795317307,0.16834138313538438,-1.1498392820358276,-1.1501377820968628,-0.6325688362121582,-0.7614281177520752,0.0,0.0,2.1367688179016113,2.7730751037597656,0.3595213294029236,0.8666698336601257,AVAILABLE,0.128859281539917,452,1258
3.939782500267029,0.0,0.0,0.28980326652526855,4.229585945606232,0.0023449622094631195,0.0023449622094631195,1.0,0.0,0.6908022165298462,-0.0023449622094631195,0.28980326652526855,0.28980326652526855,0.0,1.0,0.6931471787393093,3.939782500267029,0.0,0.0,0.28980326652526855,4.229585945606232,,0.0,0.0,0.2,0,cn,cn_plus,40,2,1,2,1,1,13.594678940503666,0.9314818774653024,2.789644718170166,-1.1501377820968628,-0.7614281177520752,-0.7614281177520752,0.0,0.0,3.062878370285034,2.7730751037597656,5.096255779266357,0.8666698336601257,AVAILABLE,3.939782500267029,452,1258
3.337860107421875e-05,0.27163632214069366,0.0,0.02024054527282715,0.29191017150878906,0.3756087124347687,0.3225417733192444,3.0,3.0,1.010685682296753,1.0637526512145996,0.020273923873901367,0.020273923873901367,0.05306693911552429,0.0,-0.05306696891784668,-3.337860107421875e-05,-0.27163632214069366,0.0,-0.02024054527282715,-0.29191017150878906,,0.0,0.0,0.2,0,degree,degree_u_plus,41,4,12,3,12,1,13.398303645962418,0.9305473738720311,2.859071731567383,2.859105110168457,0.1297084540128708,0.40134477615356445,0.0,0.0,3.0963239669799805,3.1165645122528076,6.090264797210693,6.382174968719482,AVAILABLE,0.27163632214069366,1109,2671
,,,,,,,,,,,,,,,,,,,,,NO_CANDIDATE,,,,,cn,cn,41,,,,,,,,,,,,,,,,,,MISSING,,1109,2671
0.0007703304290771484,0.2228778600692749,0.0,0.26143360137939453,0.48354148864746094,0.3873850405216217,0.32911160588264465,1.0,1.0,0.3057621419429779,0.36403557658195496,0.2622039318084717,0.2622039318084717,0.05827343463897705,0.0,-0.05827343463897705,0.0007703304290771484,-0.2228778600692749,0.0,-0.26143360137939453,-0.48354148864746094,,0.0,0.0,0.2,0,degree,degree_u_plus,42,4,9,3,9,1,0.85001719856705,0.459464484560165,2.8561923503875732,2.855422019958496,-0.18520034849643707,0.03767751157283783,0.0,0.0,2.262355089187622,2.5237886905670166,4.938507556915283,5.422049045562744,AVAILABLE,0.2228778600692749,1365,1702
0.004944801330566406,0.0,0.0,0.16152334213256836,0.16646814346313477,0.32911160588264465,0.32911160588264465,2.0,1.0,0.769500732421875,0.36403557658195496,0.16152334213256836,0.16152334213256836,0.0,1.0,0.40546515583992004,0.004944801330566406,0.0,0.0,0.16152334213256836,0.16646814346313477,,0.0,0.0,0.2,0,cn,cn_plus,42,3,9,3,9,1,0.03061353832297896,0.029704188024536827,2.8603668212890625,2.855422019958496,0.03767751157283783,0.03767751157283783,0.0,0.0,2.685312032699585,2.5237886905670166,5.588517189025879,5.422049045562744,AVAILABLE,0.004944801330566406,1365,1702
0.0015873908996582031,0.18378841876983643,0.0,0.008148431777954102,0.17722749710083008,0.6169456243515015,0.2994769513607025,1.0,1.0,0.07620155811309814,0.3936702311038971,0.009735822677612305,0.009735822677612305,0.31746867299079895,0.0,-0.31746867299079895,-0.0015873908996582031,-0.18378841876983643,0.0,0.008148431777954102,-0.17722749710083008,,0.0,0.0,0.2,0,degree,degree_u_plus,43,3,139,2,139,1,18.877524383965707,0.9496919243722999,2.658428430557251,2.660015821456909,1.9082056283950806,2.091994047164917,0.0,0.0,3.106929063796997,3.098780632019043,7.6787238121032715,7.855951309204102,AVAILABLE,0.18378841876983643,326,1358
0.09337902069091797,0.0,0.0,0.033559322357177734,0.059819698333740234,0.2994769513607025,0.2994769513607025,2.0,1.0,0.7991353273391724,0.3936702311038971,0.033559322357177734,0.033559322357177734,0.0,1.0,0.40546509623527527,0.09337902069091797,0.0,0.0,-0.033559322357177734,0.059819698333740234,,0.0,0.0,0.2,0,cn,cn_plus,43,2,139,2,139,1,2.7825053161686597,0.735624958483096,2.753394842147827,2.660015821456909,2.091994047164917,2.091994047164917,0.0,0.0,3.0652213096618652,3.098780632019043,7.915771007537842,7.855951309204102,AVAILABLE,0.09337902069091797,326,1358
0.04873347282409668,0.022964060306549072,0.0,0.06572532653808594,0.00597226619720459,0.16522985696792603,0.07148812711238861,0.0,0.0,-0.16522985696792603,-0.07148812711238861,0.11445879936218262,0.11445879936218262,0.09374172985553741,0.0,-0.09374172985553741,0.04873347282409668,0.022964060306549072,0.0,-0.06572532653808594,0.00597226619720459,,0.0,0.0,0.2,0,degree,degree_u_plus,44,3,3,2,3,1,0.2006316546058397,0.16710508492440662,-1.0789991617202759,-1.1277326345443726,-0.8140361309051514,-0.8370001912117004,0.0,0.0,2.818784475326538,2.884509801864624,0.9309098124504089,0.9249375462532043,AVAILABLE,0.022964060306549072,718,2059
3.980578064918518,0.0,0.0,0.05924510955810547,4.0398237109184265,0.07148812711238861,0.07148812711238861,1.0,0.0,0.6216590404510498,-0.07148812711238861,0.05924510955810547,0.05924510955810547,0.0,1.0,0.6931471675634384,3.980578064918518,0.0,0.0,0.05924510955810547,4.0398237109184265,,0.0,0.0,0.2,0,cn,cn_plus,44,2,3,2,3,1,67.18828647167318,0.9853347246023638,2.8528454303741455,-1.1277326345443726,-0.8370001912117004,-0.8370001912117004,0.0,0.0,2.9437549114227295,2.884509801864624,4.964761257171631,0.9249375462532043,AVAILABLE,3.980578064918518,718,2059
0.0005228519439697266,0.03999507427215576,0.0,0.0036940574645996094,0.043166160583496094,0.2545817792415619,0.22175131738185883,3.0,3.0,1.131712555885315,1.1645430326461792,0.004216909408569336,0.004216909408569336,0.032830461859703064,0.0,-0.03283047676086426,0.0005228519439697266,-0.03999507427215576,0.0,-0.0036940574645996094,-0.043166160583496094,,0.0,0.0,0.2,0,degree,degree_u_plus,45,4,5,3,5,1,9.484429365873225,0.9046204647765574,2.859835147857666,2.8593122959136963,-0.6777682304382324,-0.6377731561660767,0.0,0.0,3.0663726329803467,3.0700666904449463,5.253600597381592,5.296766757965088,AVAILABLE,0.03999507427215576,1085,1421
,,,,,,,,,,,,,,,,,,,,,NO_CANDIDATE,,,,,cn,cn,45,,,,,,,,,,,,,,,,,,MISSING,,1085,1421
7.343292236328125e-05,0.020319104194641113,0.0,0.3398701995611191,0.31962454319000244,0.0015157287707552314,0.0017507561715319753,0.0,0.0,-0.0015157287707552314,-0.0017507561715319753,0.33994363248348236,0.33994363248348236,-0.0002350274007767439,0.0,0.0002350274007767439,-7.343292236328125e-05,0.020319104194641113,0.0,-0.3398701995611191,-0.31962454319000244,,0.0,0.0,0.2,0,degree,degree_u_plus,46,2,0,1,0,1,0.05977197880860033,0.05640079187203667,-1.1503976583480835,-1.1503242254257202,1.39854896068573,1.3782298564910889,0.0,0.0,0.09656889736652374,0.4364390969276428,0.34988081455230713,0.6695053577423096,AVAILABLE,0.020319104194641113,166,2617
,,,,,,,,,,,,,,,,,,,,,NO_CANDIDATE,,,,,cn,cn,46,,,,,,,,,,,,,,,,,,MISSING,,166,2617
0.001983165740966797,0.1885356307029724,0.0,0.020084619522094727,0.2066364288330078,0.6863818168640137,0.5522982478141785,1.0,1.0,0.0067653656005859375,0.14084893465042114,0.022067785263061523,0.022067785263061523,0.1340835690498352,0.0,-0.1340835690498352,0.001983165740966797,-0.1885356307029724,0.0,-0.020084619522094727,-0.2066364288330078,,0.0,0.0,0.2,0,degree,degree_u_plus,47,5,27,4,27,1,8.543473802231404,0.8952163519570636,2.7797083854675293,2.7777252197265625,0.7271372675895691,0.9156728982925415,0.0,0.0,3.063197612762451,3.083282232284546,6.575204372406006,6.781840801239014,AVAILABLE,0.1885356307029724,1856,2045
0.012205123901367188,0.0,0.0,0.0014088153839111328,0.013614177703857422,0.5522982478141785,0.5522982478141785,2.0,1.0,0.5463140606880188,0.14084893465042114,0.0014088153839111328,0.0014088153839111328,0.0,1.0,0.40546512603759766,0.012205123901367188,0.0,0.0,0.0014088153839111328,0.013614177703857422,,0.0,0.0,0.2,0,cn,cn_plus,47,4,27,4,27,1,8.663333327714284,0.8965160399536238,2.7899303436279297,2.7777252197265625,0.9156728982925415,0.9156728982925415,0.0,0.0,3.084691047668457,3.083282232284546,6.795454978942871,6.781840801239014,AVAILABLE,0.012205123901367188,1856,2045
0.0002518892288208008,0.9933898448944092,0.0,2.247151553630829,3.2402899265289307,0.0017507561715319753,0.0009470152435824275,0.0,0.0,-0.0017507561715319753,-0.0009470152435824275,2.2474034428596497,2.2474034428596497,0.0008037409279495478,0.0,-0.0008037409279495478,0.0002518892288208008,-0.9933898448944092,0.0,-2.247151553630829,-3.2402899265289307,,0.0,0.0,0.2,0,degree,degree_u_plus,48,1,0,0,0,1,0.4420166942568306,0.30652675244140076,-1.1503242254257202,-1.150576114654541,1.3782298564910889,2.371619701385498,0.0,0.0,0.7556119561195374,3.002763509750366,0.9886782169342041,4.228968143463135,AVAILABLE,0.9933898448944092,307,991
,,,,,,,,,,,,,,,,,,,,,NO_CANDIDATE,,,,,cn,cn,48,,,,,,,,,,,,,,,,,,MISSING,,307,991
0.002936840057373047,0.17245453596115112,0.0,0.07762598991394043,0.24714326858520508,0.22175131738185883,0.10194086283445358,1.0,1.0,0.4713958501815796,0.5912063121795654,0.08056282997131348,0.08056282997131348,0.11981045454740524,0.0,-0.11981046199798584,0.002936840057373047,-0.17245453596115112,0.0,-0.07762598991394043,-0.24714326858520508,,0.0,0.0,0.2,0,degree,degree_u_plus,49,3,5,2,5,1,2.1406213587127527,0.6815916706336512,2.745542049407959,2.742605209350586,-0.6377731561660767,-0.46531862020492554,0.0,0.0,2.9553561210632324,3.032982110977173,5.068285942077637,5.315429210662842,AVAILABLE,0.17245453596115112,958,1798
0.042525291442871094,0.0,0.0,0.004307270050048828,0.046833038330078125,0.10194086283445358,0.10194086283445358,2.0,1.0,0.9966714382171631,0.5912063121795654,0.004307270050048828,0.004307270050048828,0.0,1.0,0.40546512603759766,0.042525291442871094,0.0,0.0,0.004307270050048828,0.046833038330078125,,0.0,0.0,0.2,0,cn,cn_plus,49,2,5,2,5,1,9.872887518049591,0.9080281113604877,2.785130500793457,2.742605209350586,-0.46531862020492554,-0.46531862020492554,0.0,0.0,3.0372893810272217,3.032982110977173,5.36226224899292,5.315429210662842,AVAILABLE,0.042525291442871094,958,1798
0.0003561973571777344,0.0010921955108642578,0.0,0.00010919570922851562,0.001338958740234375,0.31633466482162476,0.2994769513607025,1.0,1.0,0.37681251764297485,0.3936702311038971,0.00046539306640625,0.00046539306640625,0.01685771346092224,0.0,-0.01685771346092224,0.0003561973571777344,0.0010921955108642578,0.0,-0.00010919570922851562,0.001338958740234375,,0.0,0.0,0.2,0,degree,degree_u_plus,50,140,2,139,2,1,2.34677334487281,0.7012047435085558,2.8038082122802734,2.8034520149230957,2.0930862426757812,2.091994047164917,0.0,0.0,3.072627305984497,3.0727365016937256,7.974682331085205,7.973343372344971,AVAILABLE,0.0010921955108642578,1358,1568
0.03066873550415039,0.0,0.0,0.0003178119659423828,0.030350685119628906,0.2994769513607025,0.2994769513607025,2.0,1.0,0.7991353273391724,0.3936702311038971,0.0003178119659423828,0.0003178119659423828,0.0,1.0,0.40546509623527527,-0.03066873550415039,0.0,0.0,0.0003178119659423828,-0.030350685119628906,,0.0,0.0,0.2,0,cn,cn_plus,50,139,2,139,2,1,96.49658862694926,0.9897432308752228,2.7727832794189453,2.8034520149230957,2.091994047164917,2.091994047164917,0.0,0.0,3.073054313659668,3.0727365016937256,7.942992687225342,7.973343372344971,AVAILABLE,0.03066873550415039,1358,1568
0.0002865791320800781,0.17277300357818604,0.0,0.007378578186035156,0.1656808853149414,0.30228549242019653,0.28218379616737366,1.0,1.0,0.3908616900444031,0.41096338629722595,0.007665157318115234,0.007665157318115234,0.020101696252822876,0.0,-0.020101696252822876,0.0002865791320800781,0.17277300357818604,0.0,-0.007378578186035156,0.1656808853149414,,0.0,0.0,0.2,0,degree,degree_u_plus,51,7,3,6,3,1,22.540017250486933,0.9575191475282664,2.8390140533447266,2.8387274742126465,-0.28612571954727173,-0.45889872312545776,0.0,0.0,3.0383670330047607,3.045745611190796,5.596415996551514,5.430735111236572,AVAILABLE,0.17277300357818604,1501,2228
0.012961864471435547,0.0,0.0,0.018992900848388672,0.03195476531982422,0.28218379616737366,0.28218379616737366,2.0,1.0,0.816428542137146,0.41096338629722595,0.018992900848388672,0.018992900848388672,0.0,1.0,0.40546515583992004,0.012961864471435547,0.0,0.0,0.018992900848388672,0.03195476531982422,,0.0,0.0,0.2,0,cn,cn_plus,51,6,3,6,3,1,0.6824580273610461,0.40563153211702346,2.851689338684082,2.8387274742126465,-0.45889872312545776,-0.45889872312545776,0.0,0.0,3.0647385120391846,3.045745611190796,5.4626898765563965,5.430735111236572,AVAILABLE,0.012961864471435547,1501,2228
0.0006783008575439453,0.12120604515075684,0.0,0.013663291931152344,0.10822105407714844,0.22175131738185883,0.17500290274620056,1.0,1.0,0.4713958501815796,0.5181442499160767,0.014341592788696289,0.014341592788696289,0.046748414635658264,0.0,-0.04674839973449707,0.0006783008575439453,0.12120604515075684,0.0,-0.013663291931152344,0.10822105407714844,,0.0,0.0,0.2,0,degree,degree_u_plus,52,5,3,4,3,1,8.451359791270232,0.8941951187887639,2.8216021060943604,2.8209238052368164,-0.6377731561660767,-0.7589792013168335,0.0,0.0,2.984098434448242,2.9977617263793945,5.173088073730469,5.06486701965332,AVAILABLE,0.12120604515075684,14,2668
0.02104043960571289,0.0,0.0,0.04224801063537598,0.06328821182250977,0.17500290274620056,0.17500290274620056,2.0,1.0,0.9236093759536743,0.5181442499160767,0.04224801063537598,0.04224801063537598,0.0,1.0,0.40546512603759766,0.02104043960571289,0.0,0.0,0.04224801063537598,0.06328821182250977,,0.0,0.0,0.2,0,cn,cn_plus,52,4,3,4,3,1,0.4980219023112027,0.33245301790503623,2.8419642448425293,2.8209238052368164,-0.7589792013168335,-0.7589792013168335,0.0,0.0,3.0400097370147705,2.9977617263793945,5.12815523147583,5.06486701965332,AVAILABLE,0.02104043960571289,14,2668
0.02573573589324951,0.15130281448364258,0.0,0.005585432052612305,0.13115262985229492,0.6443984508514404,0.6169456243515015,0.0,0.0,-0.6443984508514404,-0.6169456243515015,0.031321167945861816,0.031321167945861816,0.027452826499938965,0.0,-0.027452826499938965,0.02573573589324951,-0.15130281448364258,0.0,-0.005585432052612305,-0.13115262985229492,,0.0,0.0,0.2,0,degree,degree_u_plus,53,4,139,3,139,1,4.830687234853274,0.8284936303867507,-0.5792766213417053,-0.6050123572349548,1.756902813911438,1.9082056283950806,0.0,0.0,3.111734390258789,3.1173198223114014,4.294521331787109,4.425673961639404,AVAILABLE,0.15130281448364258,1038,1358
3.2527965903282166,0.0,0.0,0.000461578369140625,3.2523345947265625,0.6169456243515015,0.6169456243515015,1.0,0.0,0.07620155811309814,-0.6169456243515015,0.000461578369140625,0.000461578369140625,0.0,1.0,0.6931471824645996,3.2527965903282166,0.0,0.0,-0.000461578369140625,3.2523345947265625,,0.0,0.0,0.2,0,cn,cn_plus,53,3,139,3,139,1,7046.963935387283,0.9998581150515004,2.6477842330932617,-0.6050123572349548,1.9082056283950806,1.9082056283950806,0.0,0.0,3.1168582439422607,3.1173198223114014,7.678008556365967,4.425673961639404,AVAILABLE,3.2527965903282166,1038,1358
0.08730900287628174,0.17245453596115112,0.0,0.15053367614746094,0.23567914962768555,0.22175131738185883,0.10194086283445358,0.0,0.0,-0.22175131738185883,-0.10194086283445358,0.23784267902374268,0.23784267902374268,0.11981045454740524,0.0,-0.11981045454740524,0.08730900287628174,-0.17245453596115112,0.0,-0.15053367614746094,-0.23567914962768555,,0.0,0.0,0.2,0,degree,degree_u_plus,54,3,5,2,5,1,0.7250781458493174,0.420316115877948,-1.029466986656189,-1.1167759895324707,-0.6377731561660767,-0.46531862020492554,0.0,0.0,2.8716559410095215,3.0221896171569824,1.2095764875411987,1.4452556371688843,AVAILABLE,0.17245453596115112,1385,2335
3.9663479328155518,0.0,0.0,0.08352017402648926,4.049868226051331,0.10194086283445358,0.10194086283445358,1.0,0.0,0.5912063121795654,-0.10194086283445358,0.08352017402648926,0.08352017402648926,0.0,1.0,0.693147175014019,3.9663479328155518,0.0,0.0,0.08352017402648926,4.049868226051331,,0.0,0.0,0.2,0,cn,cn_plus,54,2,5,2,5,1,47.48969340821358,0.9793770607790518,2.849571943283081,-1.1167759895324707,-0.46531862020492554,-0.46531862020492554,0.0,0.0,3.1057097911834717,3.0221896171569824,5.495123863220215,1.4452556371688843,AVAILABLE,3.9663479328155518,1385,2335
0.03812205791473389,0.7647915631532669,0.0,0.018705368041992188,0.7453747987747192,0.11382617801427841,0.004563153255730867,0.0,0.0,-0.11382617801427841,-0.004563153255730867,0.056827425956726074,0.056827425956726074,0.10926302475854754,0.0,-0.10926302475854754,0.03812205791473389,-0.7647915631532669,0.0,-0.018705368041992188,-0.7453747987747192,,0.0,0.0,0.2,0,degree,degree_u_plus,55,2,6,1,6,1,13.458139546110322,0.9308348078388113,-1.1113197803497314,-1.1494418382644653,-0.17679710686206818,0.5879944562911987,0.0,0.0,3.0926272869110107,3.111332654953003,1.8096710443496704,2.5550458431243896,AVAILABLE,0.7647915631532669,647,904
4.001275420188904,0.0,0.0,0.00640559196472168,4.007681131362915,0.004563153255730867,0.004563153255730867,1.0,0.0,0.68858402967453,-0.004563153255730867,0.00640559196472168,0.00640559196472168,0.0,1.0,0.6931471829302609,4.001275420188904,0.0,0.0,0.00640559196472168,4.007681131362915,,0.0,0.0,0.2,0,cn,cn_plus,55,1,6,1,6,1,624.6525216873598,0.998401668713325,2.8518335819244385,-1.1494418382644653,0.5879944562911987,0.5879944562911987,0.0,0.0,3.1177382469177246,3.111332654953003,6.562726974487305,2.5550458431243896,AVAILABLE,4.001275420188904,647,904
0.19599425792694092,0.15971916913986206,0.0,0.002586841583251953,0.03368830680847168,0.7662099599838257,0.5552552938461304,0.0,0.0,-0.7662099599838257,-0.5552552938461304,0.19858109951019287,0.19858109951019287,0.2109546661376953,0.0,-0.2109546661376953,0.19599425792694092,-0.15971916913986206,0.0,-0.002586841583251953,0.03368830680847168,,0.0,0.0,0.2,0,degree,degree_u_plus,56,6,22,5,22,1,0.8043019274784741,0.4457690341230707,-0.4703168272972107,-0.6663110852241516,0.39326173067092896,0.552980899810791,0.0,0.0,3.050553798675537,3.053140640258789,2.9786593914031982,2.9449710845947266,AVAILABLE,0.15971916913986206,1849,1914
3.511299431324005,0.0,0.0,0.0073969364166259766,3.5186963081359863,0.5552552938461304,0.5552552938461304,1.0,0.0,0.13789188861846924,-0.5552552938461304,0.0073969364166259766,0.0073969364166259766,0.0,1.0,0.6931471824645996,3.511299431324005,0.0,0.0,0.0073969364166259766,3.5186963081359863,,0.0,0.0,0.2,0,cn,cn_plus,56,5,22,5,22,1,474.6958046676834,0.997897816230062,2.8449883460998535,-0.6663110852241516,0.552980899810791,0.552980899810791,0.0,0.0,3.060537576675415,3.053140640258789,6.463667392730713,2.9449710845947266,AVAILABLE,3.511299431324005,1849,1914
0.00025081634521484375,0.2550591230392456,0.0,0.048322439193725586,0.2069873809814453,0.10194086283445358,0.10139347612857819,0.0,0.0,-0.10194086283445358,-0.10139347612857819,0.04857325553894043,0.04857325553894043,0.0005473867058753967,0.0,-0.0005473867058753967,0.00025081634521484375,0.2550591230392456,0.0,-0.048322439193725586,0.2069873809814453,,0.0,0.0,0.2,0,degree,degree_u_plus,57,5,2,4,2,1,5.251018645941535,0.8400260730866242,-1.1167759895324707,-1.1170268058776855,-0.46531862020492554,-0.7203777432441711,0.0,0.0,2.986938953399658,3.035261392593384,1.41000497341156,1.2030175924301147,AVAILABLE,0.2550591230392456,1773,1780
3.974346399307251,0.0,0.0,0.035314083099365234,4.009660840034485,0.10139347612857819,0.10139347612857819,1.0,0.0,0.5917537212371826,-0.10139347612857819,0.035314083099365234,0.035314083099365234,0.0,1.0,0.6931471973657608,3.974346399307251,0.0,0.0,0.035314083099365234,4.009660840034485,,0.0,0.0,0.2,0,cn,cn_plus,57,4,2,4,2,1,112.54278534420834,0.9911927473245573,2.8573195934295654,-1.1170268058776855,-0.7203777432441711,-0.7203777432441711,0.0,0.0,3.070575475692749,3.035261392593384,5.2126784324646,1.2030175924301147,AVAILABLE,3.974346399307251,1773,1780
0.0017406940460205078,0.0052111148834228516,0.0,0.00023818016052246094,0.0037088394165039062,0.1255921870470047,0.24995648860931396,2.0,2.0,0.9730201363563538,0.8486558198928833,0.0019788742065429688,0.0019788742065429688,-0.12436430156230927,0.0,0.12436431646347046,-0.0017406940460205078,0.0052111148834228516,0.0,0.00023818016052246094,0.0037088394165039062,,0.0,0.0,0.2,0,degree,degree_u_plus,58,65,2,64,2,1,2.6333601866106457,0.7247726763547649,2.8078267574310303,2.809567451477051,1.9140597581863403,1.9088486433029175,0.0,0.0,3.028179168701172,3.0279409885406494,7.7552266120910645,7.7515177726745605,AVAILABLE,0.0052111148834228516,306,656
,,,,,,,,,,,,,,,,,,,,,NO_CANDIDATE,,,,,cn,cn,58,,,,,,,,,,,,,,,,,,MISSING,,306,656
0.002537071704864502,0.11335408687591553,0.0,0.0010542869567871094,0.10976254940032959,0.5091366767883301,0.511613130569458,0.0,0.0,-0.5091366767883301,-0.511613130569458,0.0035913586616516113,0.0035913586616516113,-0.0024764537811279297,0.0,0.0024764537811279297,-0.002537071704864502,0.11335408687591553,0.0,-0.0010542869567871094,0.10976254940032959,,0.0,0.0,0.2,0,degree,degree_u_plus,59,9,5,8,5,1,31.56292142499953,0.9692902247022508,-0.713367760181427,-0.7108306884765625,-0.3076726794242859,-0.4210267663002014,0.0,0.0,3.044700860977173,3.04575514793396,2.0288209915161133,1.9190584421157837,AVAILABLE,0.11335408687591553,1351,1535
3.552717924118042,0.0,0.0,0.023196697235107422,3.575914740562439,0.511613130569458,0.511613130569458,1.0,0.0,0.1815340518951416,-0.511613130569458,0.023196697235107422,0.023196697235107422,0.0,1.0,0.6931471824645996,3.552717924118042,0.0,0.0,0.023196697235107422,3.575914740562439,,0.0,0.0,0.2,0,cn,cn_plus,59,8,5,8,5,1,153.15613065724799,0.9935130701858144,2.8418872356414795,-0.7108306884765625,-0.4210267663002014,-0.4210267663002014,0.0,0.0,3.0689518451690674,3.04575514793396,5.494973182678223,1.9190584421157837,AVAILABLE,3.552717924118042,1351,1535
0.0003457069396972656,0.4633757919073105,0.0,0.010954141616821289,0.47467565536499023,0.004185919184237719,0.0032970954198390245,1.0,1.0,0.6889612674713135,0.6898500919342041,0.011299848556518555,0.011299848556518555,0.000888823764398694,0.0,-0.000888824462890625,0.0003457069396972656,0.4633757919073105,0.0,0.010954141616821289,0.47467565536499023,,0.0,0.0,0.2,0,degree,degree_u_plus,60,4,1,3,1,1,41.00722054082727,0.9761945687640036,2.8527235984802246,2.8523778915405273,-0.16919304430484772,-0.6325688362121582,0.0,0.0,2.9740068912506104,2.963052749633789,5.662698268890381,5.188022613525391,AVAILABLE,0.4633757919073105,2457,2458
,,,,,,,,,,,,,,,,,,,,,NO_CANDIDATE,,,,,cn,cn,60,,,,,,,,,,,,,,,,,,MISSING,,2457,2458
0.10735392570495605,0.025397419929504395,0.0,0.0006570816040039062,0.0812993049621582,0.059986039996147156,0.22656333446502686,0.0,0.0,-0.059986039996147156,-0.22656333446502686,0.10801100730895996,0.10801100730895996,-0.1665772944688797,0.0,0.1665772944688797,-0.10735392570495605,0.025397419929504395,0.0,0.0006570816040039062,-0.0812993049621582,,0.0,0.0,0.2,0,degree,degree_u_plus,61,29,3,28,3,1,0.23513730878819872,0.19037341606893365,-1.131635069847107,-1.0242811441421509,1.2364344596862793,1.211037039756775,0.0,0.0,3.0367424488067627,3.036085367202759,3.146702527999878,3.228001832962036,AVAILABLE,0.025397419929504395,109,1805
3.7519489526748657,0.0,0.0,0.006002664566040039,3.7579519748687744,0.22656333446502686,0.22656333446502686,1.0,0.0,0.46658384799957275,-0.22656333446502686,0.006002664566040039,0.006002664566040039,0.0,1.0,0.6931471824645996,3.7519489526748657,0.0,0.0,0.006002664566040039,3.7579519748687744,,0.0,0.0,0.2,0,cn,cn_plus,61,28,3,28,3,1,625.0462042206003,0.9984026738070476,2.727667808532715,-1.0242811441421509,1.211037039756775,1.211037039756775,0.0,0.0,3.042088031768799,3.036085367202759,6.9859538078308105,3.228001832962036,AVAILABLE,3.7519489526748657,109,1805
0.00027811527252197266,1.0156948566436768,0.0,0.04641222953796387,0.9695606231689453,0.0014730270486325026,0.0023601576685905457,0.0,0.0,-0.0014730270486325026,-0.0023601576685905457,0.04669034481048584,0.04669034481048584,-0.0008871306199580431,0.0,0.0008871306199580431,-0.00027811527252197266,-1.0156948566436768,0.0,0.04641222953796387,-0.9695606231689453,,0.0,0.0,0.2,0,degree,degree_u_plus,62,1,8,0,8,1,21.75384746520644,0.956051388604537,-1.1504111289978027,-1.1501330137252808,1.0198347568511963,2.035529613494873,0.0,0.0,2.9791667461395264,2.9327545166015625,2.8537509441375732,3.8233115673065186,AVAILABLE,1.0156948566436768,907,1351
,,,,,,,,,,,,,,,,,,,,,NO_CANDIDATE,,,,,cn,cn,62,,,,,,,,,,,,,,,,,,MISSING,,907,1351
0.0010516643524169922,0.020041942596435547,0.0,0.027189254760742188,0.046179771423339844,-0.0009966649813577533,0.0023601576685905457,0.0,0.0,0.0009966649813577533,-0.0023601576685905457,0.02824091911315918,0.02824091911315918,-0.003356822649948299,0.0,0.003356822649948299,-0.0010516643524169922,0.020041942596435547,0.0,0.027189254760742188,0.046179771423339844,,0.0,0.0,0.2,0,degree,degree_u_plus,63,11,0,10,0,1,0.7096771680609041,0.41509425365129704,-1.1511846780776978,-1.1501330137252808,2.1095449924468994,2.089503049850464,0.0,0.0,2.82161545753479,2.794426202774048,3.7851364612579346,3.7389566898345947,AVAILABLE,0.020041942596435547,748,1617
,,,,,,,,,,,,,,,,,,,,,NO_CANDIDATE,,,,,cn,cn,63,,,,,,,,,,,,,,,,,,MISSING,,748,1617
0.00043833255767822266,0.29644453525543213,0.0,0.673590898513794,0.9695971012115479,0.0023449622094631195,0.0009470152435824275,0.0,0.0,-0.0023449622094631195,-0.0009470152435824275,0.6740292310714722,0.6740292310714722,0.001397946965880692,0.0,-0.001397946965880692,0.00043833255767822266,-0.29644453525543213,0.0,-0.673590898513794,-0.9695971012115479,,0.0,0.0,0.2,0,degree,degree_u_plus,64,2,1,1,1,1,0.43980960645592815,0.30546372553973544,-1.1501377820968628,-1.150576114654541,-0.7614281177520752,-0.46498358249664307,0.0,0.0,1.84755539894104,2.521146297454834,-0.058849871158599854,0.910747230052948,AVAILABLE,0.29644453525543213,1357,2170
3.9864516258239746,0.0,0.0,0.4095439910888672,4.395995914936066,0.0009470152435824275,0.0009470152435824275,1.0,0.0,0.6922001838684082,-0.0009470152435824275,0.4095439910888672,0.4095439910888672,0.0,1.0,0.6931471991119906,3.9864516258239746,0.0,0.0,0.4095439910888672,4.395995914936066,,0.0,0.0,0.2,0,cn,cn_plus,64,1,1,1,1,1,9.733878692460575,0.9068370317337017,2.8358755111694336,-1.150576114654541,-0.46498358249664307,-0.46498358249664307,0.0,0.0,2.930690288543701,2.521146297454834,5.306743144989014,0.910747230052948,AVAILABLE,3.9864516258239746,1357,2170
0.0024966001510620117,0.10425353050231934,0.0,0.048830509185791016,0.15558075904846191,0.17478279769420624,0.17174160480499268,0.0,0.0,-0.17478279769420624,-0.17174160480499268,0.05132710933685303,0.05132710933685303,0.003041192889213562,0.0,-0.003041192889213562,0.0024966001510620117,0.10425353050231934,0.0,0.048830509185791016,0.15558075904846191,,0.0,0.0,0.2,0,degree,degree_u_plus,65,12,2,11,2,1,2.0311588074545415,0.6700931678206052,-1.0711599588394165,-1.0736565589904785,0.8269802331924438,0.7227267026901245,0.0,0.0,2.7232768535614014,2.6744463443756104,2.484257698059082,2.32867693901062,AVAILABLE,0.10425353050231934,645,1495
3.90478515625,0.0,0.0,0.12502002716064453,4.029805898666382,0.17174160480499268,0.17174160480499268,1.0,0.0,0.5214055776596069,-0.17174160480499268,0.12502002716064453,0.12502002716064453,0.0,1.0,0.6931471824645996,3.90478515625,0.0,0.0,0.12502002716064453,4.029805898666382,,0.0,0.0,0.2,0,cn,cn_plus,65,11,2,11,2,1,31.23327464086853,0.9689761586080956,2.8311285972595215,-1.0736565589904785,0.7227267026901245,0.7227267026901245,0.0,0.0,2.799466371536255,2.6744463443756104,6.358482837677002,2.32867693901062,AVAILABLE,3.90478515625,645,1495
0.002262115478515625,0.17245453596115112,0.0,0.0006127357482910156,0.1708049774169922,0.22175131738185883,0.10194086283445358,2.0,2.0,0.8768609762191772,0.9966714382171631,0.0028748512268066406,0.0028748512268066406,0.11981045454740524,0.0,-0.11981046199798584,0.002262115478515625,-0.17245453596115112,0.0,-0.0006127357482910156,-0.1708049774169922,,0.0,0.0,0.2,0,degree,degree_u_plus,66,3,5,2,5,1,59.98708193393788,0.983603084976533,2.832885265350342,2.830623149871826,-0.6377731561660767,-0.46531862020492554,0.0,0.0,3.1013333797454834,3.1019461154937744,5.30160665512085,5.472411632537842,AVAILABLE,0.17245453596115112,56,1849
,,,,,,,,,,,,,,,,,,,,,NO_CANDIDATE,,,,,cn,cn,66,,,,,,,,,,,,,,,,,,MISSING,,56,1849
0.0001957416534423828,0.32655882835388184,0.0,0.0002818107604980469,0.3264726400375366,0.004563153255730867,0.0039391471073031425,0.0,0.0,-0.004563153255730867,-0.0039391471073031425,0.0004775524139404297,0.0004775524139404297,0.0006240061484277248,0.0,-0.0006240061484277248,0.0001957416534423828,0.32655882835388184,0.0,-0.0002818107604980469,0.3264726400375366,,0.0,0.0,0.2,0,degree,degree_u_plus,67,6,1,5,1,1,683.8034544205487,0.9985397269924023,-1.1494418382644653,-1.1496375799179077,0.5879944562911987,0.2614356279373169,0.0,0.0,2.864576578140259,2.864858388900757,2.3082897663116455,1.9818171262741089,AVAILABLE,0.32655882835388184,743,1570
3.97468101978302,0.0,0.0,0.15489912033081055,4.129580140113831,0.0039391471073031425,0.0039391471073031425,1.0,0.0,0.6892080307006836,-0.0039391471073031425,0.15489912033081055,0.15489912033081055,0.0,1.0,0.6931471778079867,3.97468101978302,0.0,0.0,0.15489912033081055,4.129580140113831,,0.0,0.0,0.2,0,cn,cn_plus,67,5,1,5,1,1,25.659802035650472,0.9624903441269833,2.8250434398651123,-1.1496375799179077,0.2614356279373169,0.2614356279373169,0.0,0.0,3.0197575092315674,2.864858388900757,6.1113972663879395,1.9818171262741089,AVAILABLE,3.97468101978302,743,1570
0.03286159038543701,0.7267542481422424,0.0,1.7457382678985596,1.0518454909324646,0.10194086283445358,0.0039391471073031425,0.0,0.0,-0.10194086283445358,-0.0039391471073031425,1.7785998582839966,1.7785998582839966,0.09800171572715044,0.0,-0.09800171572715044,0.03286159038543701,-0.7267542481422424,0.0,1.7457382678985596,1.0518454909324646,,0.0,0.0,0.2,0,degree,degree_u_plus,68,2,5,1,5,1,0.40861031258448205,0.2900804494571492,-1.1167759895324707,-1.1496375799179077,-0.46531862020492554,0.2614356279373169,0.0,0.0,0.8054571151733398,-0.9402811527252197,-0.7714769244194031,-1.8233224153518677,AVAILABLE,0.7267542481422424,8,281
3.9972161054611206,0.0,0.0,1.7627896666526794,5.760005593299866,0.0039391471073031425,0.0039391471073031425,1.0,0.0,0.6892080307006836,-0.0039391471073031425,1.7627896666526794,1.7627896666526794,0.0,1.0,0.6931471778079867,3.9972161054611206,0.0,0.0,1.7627896666526794,5.760005593299866,,0.0,0.0,0.2,0,cn,cn_plus,68,1,5,1,5,1,2.26755134682394,0.6939604327956468,2.847578525543213,-1.1496375799179077,0.2614356279373169,0.2614356279373169,0.0,0.0,0.8225085139274597,-0.9402811527252197,3.936683177947998,-1.8233224153518677,AVAILABLE,3.9972161054611206,8,281
0.008799195289611816,0.03140437602996826,0.0,0.025623321533203125,0.014580249786376953,0.5522982478141785,0.5436571836471558,0.0,0.0,-0.5522982478141785,-0.5436571836471558,0.03442251682281494,0.03442251682281494,0.008641064167022705,0.0,-0.008641064167022705,0.008799195289611816,0.03140437602996826,0.0,-0.025623321533203125,0.014580249786376953,,0.0,0.0,0.2,0,degree,degree_u_plus,69,27,4,26,4,1,0.9123204752404673,0.4770750964875521,-0.6693182587623596,-0.6781174540519714,0.9156728982925415,0.8842685222625732,0.0,0.0,2.6369283199310303,2.6625516414642334,2.8884434700012207,2.8738632202148438,AVAILABLE,0.03140437602996826,598,1301
3.531799018383026,0.0,0.0,0.09885883331298828,3.6306581497192383,0.5436571836471558,0.5436571836471558,1.0,0.0,0.14948999881744385,-0.5436571836471558,0.09885883331298828,0.09885883331298828,0.0,1.0,0.6931471824645996,3.531799018383026,0.0,0.0,0.09885883331298828,3.6306581497192383,,0.0,0.0,0.2,0,cn,cn_plus,69,26,4,26,4,1,35.72567612592136,0.9727710935376302,2.8536815643310547,-0.6781174540519714,0.8842685222625732,0.8842685222625732,0.0,0.0,2.7614104747772217,2.6625516414642334,6.504521369934082,2.8738632202148438,AVAILABLE,3.531799018383026,598,1301
0.0008785724639892578,0.05787491798400879,0.0,0.0070497989654541016,0.04994630813598633,0.2545817792415619,0.2758041322231293,1.0,1.0,0.4385654032230377,0.41734305024147034,0.00792837142944336,0.00792837142944336,-0.021222352981567383,0.0,0.021222352981567383,-0.0008785724639892578,0.05787491798400879,0.0,-0.0070497989654541016,0.04994630813598633,,0.0,0.0,0.2,0,degree,degree_u_plus,70,5,4,4,4,1,7.29971413447399,0.8795139225523005,2.8636298179626465,2.8645083904266357,-0.6777682304382324,-0.7356431484222412,0.0,0.0,3.064345598220825,3.0713953971862793,5.255367755889893,5.205421447753906,AVAILABLE,0.05787491798400879,1388,2181
0.0052111148834228516,0.0,0.0,0.011291980743408203,0.016502857208251953,0.2758041322231293,0.2758041322231293,2.0,1.0,0.8228081464767456,0.41734305024147034,0.011291980743408203,0.011291980743408203,0.0,1.0,0.40546509623527527,0.0052111148834228516,0.0,0.0,0.011291980743408203,0.016502857208251953,,0.0,0.0,0.2,0,cn,cn_plus,70,4,4,4,4,1,0.46148770414684276,0.3157657110883738,2.8697195053100586,2.8645083904266357,-0.7356431484222412,-0.7356431484222412,0.0,0.0,3.0826873779296875,3.0713953971862793,5.221924304962158,5.205421447753906,AVAILABLE,0.0052111148834228516,1388,2181
0.0017995834350585938,0.023336052894592285,0.0,0.017401695251464844,0.042537689208984375,0.2758041322231293,0.17500290274620056,1.0,1.0,0.41734305024147034,0.5181442499160767,0.019201278686523438,0.019201278686523438,0.10080122947692871,0.0,-0.10080119967460632,0.0017995834350585938,0.023336052894592285,0.0,0.017401695251464844,0.042537689208984375,,0.0,0.0,0.2,0,degree,degree_u_plus,71,4,4,3,4,1,1.2153378492231544,0.5486015822143485,2.853499412536621,2.8516998291015625,-0.7356431484222412,-0.7589792013168335,0.0,0.0,3.021705389022827,3.0043036937713623,5.1447224617004395,5.102184772491455,AVAILABLE,0.023336052894592285,1818,2305
0.015269756317138672,0.0,0.0,0.030471324920654297,0.04574108123779297,0.17500290274620056,0.17500290274620056,2.0,1.0,0.9236093759536743,0.5181442499160767,0.030471324920654297,0.030471324920654297,0.0,1.0,0.40546512603759766,0.015269756317138672,0.0,0.0,0.030471324920654297,0.04574108123779297,,0.0,0.0,0.2,0,cn,cn_plus,71,3,4,3,4,1,0.5011187188516778,0.3338301711639585,2.866969585418701,2.8516998291015625,-0.7589792013168335,-0.7589792013168335,0.0,0.0,3.0347750186920166,3.0043036937713623,5.147925853729248,5.102184772491455,AVAILABLE,0.015269756317138672,1818,2305
0.0006144046783447266,0.26709967851638794,0.0,0.002064943313598633,0.26854991912841797,0.4373456835746765,0.3634640872478485,1.0,1.0,0.2558014988899231,0.3296830952167511,0.0026793479919433594,0.0026793479919433594,0.073881596326828,0.0,-0.073881596326828,0.0006144046783447266,-0.26709967851638794,0.0,-0.002064943313598633,-0.26854991912841797,,0.0,0.0,0.2,0,degree,degree_u_plus,72,4,14,3,14,1,99.68793991677776,0.9900683239638577,2.8405463695526123,2.8399319648742676,0.3078153729438782,0.5749150514602661,0.0,0.0,3.052614450454712,3.0546793937683105,6.206137180328369,6.474687099456787,AVAILABLE,0.26709967851638794,2228,2394
0.014025449752807617,0.0,0.0,0.010166645050048828,0.024192333221435547,0.3634640872478485,0.3634640872478485,2.0,1.0,0.7351481914520264,0.3296830952167511,0.010166645050048828,0.010166645050048828,0.0,1.0,0.40546509623527527,0.014025449752807617,0.0,0.0,0.010166645050048828,0.024192333221435547,,0.0,0.0,0.2,0,cn,cn_plus,72,3,14,3,14,1,1.3795540110058377,0.5797531825817646,2.853957414627075,2.8399319648742676,0.5749150514602661,0.5749150514602661,0.0,0.0,3.0648460388183594,3.0546793937683105,6.498879432678223,6.474687099456787,AVAILABLE,0.014025449752807617,2228,2394
0.00029850006103515625,0.128859281539917,0.0,0.09284496307373047,0.22200274467468262,0.0032970954198390245,0.0023449622094631195,0.0,0.0,-0.0032970954198390245,-0.0023449622094631195,0.09314346313476562,0.09314346313476562,0.000952133210375905,0.0,-0.000952133210375905,0.00029850006103515625,0.128859281539917,0.0,0.09284496307373047,0.22200274467468262,,0.0,0.0,0.2,0,degree,degree_u_plus,73,3,1,2,1,1,1.3834493948220674,0.580440011786089,-1.1498392820358276,-1.1501377820968628,-0.6325688362121582,-0.7614281177520752,0.0,0.0,2.6031649112701416,2.510319948196411,0.8259174227714539,0.6039146780967712,AVAILABLE,0.128859281539917,2303,2541
3.983577609062195,0.0,0.0,0.23143434524536133,4.2150121331214905,0.0023449622094631195,0.0023449622094631195,1.0,0.0,0.6908022165298462,-0.0023449622094631195,0.23143434524536133,0.23143434524536133,0.0,1.0,0.6931471787393093,3.983577609062195,0.0,0.0,0.23143434524536133,4.2150121331214905,,0.0,0.0,0.2,0,cn,cn_plus,73,2,1,2,1,1,17.2125594959266,0.9450928355114689,2.833439826965332,-1.1501377820968628,-0.7614281177520752,-0.7614281177520752,0.0,0.0,2.7417542934417725,2.510319948196411,4.818926811218262,0.6039146780967712,AVAILABLE,3.983577609062195,2303,2541
0.014482498168945312,0.09140884876251221,0.0,0.20448386669158936,0.28141021728515625,0.3102864921092987,0.3225417733192444,0.0,0.0,-0.3102864921092987,-0.3225417733192444,0.21896636486053467,0.21896636486053467,-0.012255281209945679,0.0,0.012255281209945679,-0.014482498168945312,0.09140884876251221,0.0,0.20448386669158936,0.28141021728515625,,0.0,0.0,0.2,0,degree,degree_u_plus,74,13,3,12,3,1,0.41745609946154,0.2945107785843401,-0.9272924065589905,-0.9128099083900452,0.49275362491607666,0.40134477615356445,0.0,0.0,0.6548144221305847,0.45033055543899536,0.225436270236969,-0.055973947048187256,AVAILABLE,0.09140884876251221,661,1879
3.7686012387275696,0.0,0.0,0.7738630175590515,4.5424646735191345,0.3225417733192444,0.3225417733192444,1.0,0.0,0.3706054091453552,-0.3225417733192444,0.7738630175590515,0.7738630175590515,0.0,1.0,0.6931471824645996,3.7686012387275696,0.0,0.0,0.7738630175590515,4.5424646735191345,,0.0,0.0,0.2,0,cn,cn_plus,74,12,3,12,3,1,4.869855652123136,0.8296380593893653,2.8557913303375244,-0.9128099083900452,0.40134477615356445,0.40134477615356445,0.0,0.0,1.2241935729980469,0.45033055543899536,4.486490726470947,-0.055973947048187256,AVAILABLE,3.7686012387275696,661,1879
0.00025081634521484375,0.2550591230392456,0.0,0.03566098213195801,0.2909708619117737,0.10194086283445358,0.10139347612857819,0.0,0.0,-0.10194086283445358,-0.10139347612857819,0.03591179847717285,0.03591179847717285,0.0005473867058753967,0.0,-0.0005473867058753967,0.00025081634521484375,0.2550591230392456,0.0,0.03566098213195801,0.2909708619117737,,0.0,0.0,0.2,0,degree,degree_u_plus,75,5,2,4,2,1,7.102374785758076,0.8765793947525425,-1.1167759895324707,-1.1170268058776855,-0.46531862020492554,-0.7203777432441711,0.0,0.0,2.8670387268066406,2.8313777446746826,1.2901047468185425,0.9991338849067688,AVAILABLE,0.2550591230392456,1395,2072
3.967881202697754,0.0,0.0,0.15517377853393555,4.123055160045624,0.10139347612857819,0.10139347612857819,1.0,0.0,0.5917537212371826,-0.10139347612857819,0.15517377853393555,0.15517377853393555,0.0,1.0,0.6931471973657608,3.967881202697754,0.0,0.0,0.15517377853393555,4.123055160045624,,0.0,0.0,0.2,0,cn,cn_plus,75,4,2,4,2,1,25.570563432045116,0.9623643660189019,2.8508543968200684,-1.1170268058776855,-0.7203777432441711,-0.7203777432441711,0.0,0.0,2.986551523208618,2.8313777446746826,5.122189044952393,0.9991338849067688,AVAILABLE,3.967881202697754,1395,2072
0.0012388229370117188,0.2821016162633896,0.0,0.06667613983154297,0.34753894805908203,0.28218379616737366,0.11382617801427841,2.0,2.0,0.816428542137146,0.9847861528396606,0.06791496276855469,0.06791496276855469,0.16835761815309525,0.0,-0.16835761070251465,0.0012388229370117188,-0.2821016162633896,0.0,-0.06667613983154297,-0.34753894805908203,,0.0,0.0,0.2,0,degree,degree_u_plus,76,3,6,2,6,1,4.153747027548032,0.8059664173164192,2.8423640727996826,2.841125249862671,-0.45889872312545776,-0.17679710686206818,0.0,0.0,3.005366802215576,3.072042942047119,5.393992900848389,5.741531848907471,AVAILABLE,0.2821016162633896,1091,2176
,,,,,,,,,,,,,,,,,,,,,NO_CANDIDATE,,,,,cn,cn,76,,,,,,,,,,,,,,,,,,MISSING,,1091,2176
0.00011980533599853516,0.24500131607055664,0.0,0.44563841819763184,0.20051729679107666,0.0018984380876645446,0.0015157287707552314,0.0,0.0,-0.0018984380876645446,-0.0015157287707552314,0.44575822353363037,0.44575822353363037,0.0003827093169093132,0.0,-0.0003827093169093132,0.00011980533599853516,0.24500131607055664,0.0,-0.44563841819763184,-0.20051729679107666,,0.0,0.0,0.2,0,degree,degree_u_plus,77,3,0,2,0,1,0.5496282460749488,0.35468393627123235,-1.150277853012085,-1.1503976583480835,1.6435502767562866,1.39854896068573,0.0,0.0,-1.4139244556427002,-0.9682860374450684,-0.9154914021492004,-0.7149741053581238,AVAILABLE,0.24500131607055664,387,2191
,,,,,,,,,,,,,,,,,,,,,NO_CANDIDATE,,,,,cn,cn,77,,,,,,,,,,,,,,,,,,MISSING,,387,2191
0.0001251697540283203,0.2509145140647888,0.0,0.008231401443481445,0.25927162170410156,0.1121114194393158,0.11382617801427841,1.0,1.0,0.5810357332229614,0.579321026802063,0.008356571197509766,0.008356571197509766,-0.001714758574962616,0.0,0.0017147064208984375,0.0001251697540283203,0.2509145140647888,0.0,0.008231401443481445,0.25927162170410156,,0.0,0.0,0.2,0,degree,degree_u_plus,78,7,2,6,2,1,30.02597690782452,0.967768943973274,2.8000288009643555,2.799903631210327,0.07411740720272064,-0.17679710686206818,0.0,0.0,3.0601062774658203,3.051874876022339,5.939413547515869,5.680141925811768,AVAILABLE,0.2509145140647888,1300,2508
0.01642298698425293,0.0,0.0,0.006858348846435547,0.009564876556396484,0.11382617801427841,0.11382617801427841,2.0,1.0,0.9847861528396606,0.579321026802063,0.006858348846435547,0.006858348846435547,0.0,1.0,0.40546512603759766,0.01642298698425293,0.0,0.0,-0.006858348846435547,0.009564876556396484,,0.0,0.0,0.2,0,cn,cn_plus,78,6,2,6,2,1,2.394594297553904,0.7054139869613916,2.81632661819458,2.799903631210327,-0.17679710686206818,-0.17679710686206818,0.0,0.0,3.0450165271759033,3.051874876022339,5.689706802368164,5.680141925811768,AVAILABLE,0.01642298698425293,1300,2508
0.0004385709762573242,2.276119112968445,0.0,1.2460081577301025,3.521688759326935,0.0032970954198390245,0.0018984380876645446,0.0,0.0,-0.0032970954198390245,-0.0018984380876645446,1.2464467287063599,1.2464467287063599,0.00139865733217448,0.0,-0.00139865733217448,0.0004385709762573242,-2.276119112968445,0.0,-1.2460081577301025,-3.521688759326935,,0.0,0.0,0.2,0,degree,degree_u_plus,79,1,3,0,3,1,1.8260861393329515,0.6461537438359778,-1.1498392820358276,-1.150277853012085,-0.6325688362121582,1.6435502767562866,0.0,0.0,1.3638525009155273,2.60986065864563,-0.4133949875831604,3.1082937717437744,AVAILABLE,2.276119112968445,926,1862
,,,,,,,,,,,,,,,,,,,,,NO_CANDIDATE,,,,,cn,cn,79,,,,,,,,,,,,,,,,,,MISSING,,926,1862
0.01874518394470215,0.10989755392074585,0.0,1.1591060161590576,1.2502583265304565,0.06070196256041527,0.0023449622094631195,0.0,0.0,-0.06070196256041527,-0.0023449622094631195,1.1778512001037598,1.1778512001037598,0.05835700035095215,0.0,-0.05835700035095215,0.01874518394470215,-0.10989755392074585,0.0,-1.1591060161590576,-1.2502583265304565,,0.0,0.0,0.2,0,degree,degree_u_plus,80,2,2,1,2,1,0.09330342659414911,0.08534083432337468,-1.1313925981521606,-1.1501377820968628,-0.871325671672821,-0.7614281177520752,0.0,0.0,1.5136849880218506,2.672791004180908,-0.48387259244918823,0.7663857340812683,AVAILABLE,0.10989755392074585,1125,2332
3.985770344734192,0.0,0.0,0.38318324089050293,4.36895352602005,0.0023449622094631195,0.0023449622094631195,1.0,0.0,0.6908022165298462,-0.0023449622094631195,0.38318324089050293,0.38318324089050293,0.0,1.0,0.6931471787393093,3.985770344734192,0.0,0.0,0.38318324089050293,4.36895352602005,,0.0,0.0,0.2,0,cn,cn_plus,80,1,2,1,2,1,10.401734249791495,0.9122940442136435,2.835632562637329,-1.1501377820968628,-0.7614281177520752,-0.7614281177520752,0.0,0.0,3.055974245071411,2.672791004180908,5.135339260101318,0.7663857340812683,AVAILABLE,3.985770344734192,1125,2332
9.131431579589844e-05,0.13630962371826172,0.0,0.0021867752075195312,0.1340312957763672,0.3975265920162201,0.3975265920162201,2.0,2.0,0.7010856866836548,0.7010856866836548,0.0022780895233154297,0.0022780895233154297,0.0,0.0,0.0,-9.131431579589844e-05,0.13630962371826172,0.0,-0.0021867752075195312,0.1340312957763672,,0.0,0.0,0.2,0,degree,degree_u_plus,81,8,4,7,4,1,59.83479752451011,0.9835620394791796,2.843752861022949,2.843844175338745,-0.3013421893119812,-0.4376518130302429,0.0,0.0,3.086843729019165,3.0890305042266846,5.634415149688721,5.5003838539123535,AVAILABLE,0.13630962371826172,577,2351
0.0029909610748291016,0.0,0.0,0.0025353431701660156,0.0004553794860839844,0.3975265920162201,0.3975265920162201,3.0,2.0,0.9887677431106567,0.7010856866836548,0.0025353431701660156,0.0025353431701660156,0.0,1.0,0.28768205642700195,0.0029909610748291016,0.0,0.0,-0.0025353431701660156,0.0004553794860839844,,0.0,0.0,0.2,0,cn,cn_plus,81,7,4,7,4,1,1.1797019484402849,0.5412216790852696,2.846835136413574,2.843844175338745,-0.4376518130302429,-0.4376518130302429,0.0,0.0,3.0864951610565186,3.0890305042266846,5.5008392333984375,5.5003838539123535,AVAILABLE,0.0029909610748291016,577,2351
0.002165555953979492,0.0745934247970581,0.0,0.039168357849121094,0.037590980529785156,0.477459579706192,0.3354915380477905,1.0,1.0,0.2156876027584076,0.3576556444168091,0.041333913803100586,0.041333913803100586,0.1419680416584015,0.0,-0.1419680416584015,0.002165555953979492,0.0745934247970581,0.0,-0.039168357849121094,0.037590980529785156,,0.0,0.0,0.2,0,degree,degree_u_plus,82,6,5,5,5,1,1.804653851698024,0.6434497614047562,2.83152437210083,2.8293588161468506,-0.6089457869529724,-0.6835392117500305,0.0,0.0,2.937514543533325,2.9766829013824463,5.16525411605835,5.1276631355285645,AVAILABLE,0.0745934247970581,45,2667
9.083747863769531e-05,0.0,0.0,0.004810810089111328,0.004720211029052734,0.3354915380477905,0.3354915380477905,2.0,1.0,0.7631207704544067,0.3576556444168091,0.004810810089111328,0.004810810089111328,0.0,1.0,0.40546512603759766,-9.083747863769531e-05,0.0,0.0,0.004810810089111328,0.004720211029052734,,0.0,0.0,0.2,0,cn,cn_plus,82,5,5,5,5,1,0.018881911390387317,0.018531991960305458,2.829267978668213,2.8293588161468506,-0.6835392117500305,-0.6835392117500305,0.0,0.0,2.9814937114715576,2.9766829013824463,5.132383346557617,5.1276631355285645,AVAILABLE,9.083747863769531e-05,45,2667
0.0006721019744873047,0.16287587583065033,0.0,0.003939628601074219,0.16614341735839844,0.2723434865474701,0.30228549242019653,3.0,3.0,1.1139508485794067,1.0840089321136475,0.0046117305755615234,0.0046117305755615234,-0.02994200587272644,0.0,0.029941916465759277,-0.0006721019744873047,0.16287587583065033,0.0,0.003939628601074219,0.16614341735839844,,0.0,0.0,0.2,0,degree,degree_u_plus,83,8,3,7,3,1,35.31765786951679,0.9724651847431123,2.8574411869049072,2.8581132888793945,-0.1232498437166214,-0.28612571954727173,0.0,0.0,3.1018054485321045,3.0978658199310303,5.84115743637085,5.675014019012451,AVAILABLE,0.16287587583065033,1273,2125
,,,,,,,,,,,,,,,,,,,,,NO_CANDIDATE,,,,,cn,cn,83,,,,,,,,,,,,,,,,,,MISSING,,1273,2125
0.01656961441040039,0.011081933975219727,0.0,0.01706218719482422,0.022549867630004883,0.009014924056828022,0.060467515140771866,0.0,0.0,-0.009014924056828022,-0.060467515140771866,0.03363180160522461,0.03363180160522461,-0.051452591083943844,0.0,0.051452591083943844,-0.01656961441040039,0.011081933975219727,0.0,-0.01706218719482422,-0.022549867630004883,,0.0,0.0,0.2,0,degree,degree_u_plus,84,28,1,27,1,1,0.3295074944312003,0.24784177284549466,-1.1480416059494019,-1.1314719915390015,1.9889243841171265,1.9778424501419067,0.0,0.0,1.0498862266540527,1.066948413848877,1.8959296941757202,1.918479561805725,AVAILABLE,0.011081933975219727,2045,2047
3.9027897119522095,0.0,0.0,1.743217945098877,5.6460078954696655,0.060467515140771866,0.060467515140771866,1.0,0.0,0.6326796412467957,-0.060467515140771866,1.743217945098877,1.743217945098877,0.0,1.0,0.6931471563875675,3.9027897119522095,0.0,0.0,1.743217945098877,5.6460078954696655,,0.0,0.0,0.2,0,cn,cn_plus,84,27,1,27,1,1,2.2388420796932644,0.6912476819201061,2.771317720413208,-1.1314719915390015,1.9778424501419067,1.9778424501419067,0.0,0.0,2.810166358947754,1.066948413848877,7.564487457275391,1.918479561805725,AVAILABLE,3.9027897119522095,2045,2047
0.2787485122680664,0.2684290409088135,0.0,0.003722667694091797,0.014042139053344727,0.5522982478141785,0.29273802042007446,0.0,0.0,-0.5522982478141785,-0.29273802042007446,0.2824711799621582,0.2824711799621582,0.259560227394104,0.0,-0.259560227394104,0.2787485122680664,-0.2684290409088135,0.0,0.003722667694091797,0.014042139053344727,,0.0,0.0,0.2,0,degree,degree_u_plus,85,4,27,3,27,1,0.9502882079576827,0.48725527031351556,-0.6693182587623596,-0.948066771030426,0.9156728982925415,1.184101939201355,0.0,0.0,2.849656820297241,2.8459341526031494,3.1011719703674316,3.087129831314087,AVAILABLE,0.2684290409088135,341,2045
3.6530242562294006,0.0,0.0,0.09849309921264648,3.7515175342559814,0.29273802042007446,0.29273802042007446,1.0,0.0,0.40040916204452515,-0.29273802042007446,0.09849309921264648,0.09849309921264648,0.0,1.0,0.6931471824645996,3.6530242562294006,0.0,0.0,0.09849309921264648,3.7515175342559814,,0.0,0.0,0.2,0,cn,cn_plus,85,3,27,3,27,1,37.08913532562493,0.9737457941365438,2.7049574851989746,-0.948066771030426,1.184101939201355,1.184101939201355,0.0,0.0,2.944427251815796,2.8459341526031494,6.838647365570068,3.087129831314087,AVAILABLE,3.6530242562294006,341,2045
0.16487544775009155,0.3980456590652466,0.0,0.04358983039855957,0.18958044052124023,0.3808845579624176,0.23777347803115845,0.0,0.0,-0.3808845579624176,-0.23777347803115845,0.20846527814865112,0.20846527814865112,0.14311107993125916,0.0,-0.14311107993125916,0.16487544775009155,-0.3980456590652466,0.0,0.04358983039855957,-0.18958044052124023,,0.0,0.0,0.2,0,degree,degree_u_plus,86,3,17,2,17,1,1.9094097756045154,0.6562876744331345,-0.847326934337616,-1.0122023820877075,0.7789032459259033,1.17694890499115,0.0,0.0,2.9804792404174805,2.936889410018921,2.9172160625457764,3.1067965030670166,AVAILABLE,0.3980456590652466,6,1042
3.8703352212905884,0.0,0.0,0.0384974479675293,3.9088327884674072,0.23777347803115845,0.23777347803115845,1.0,0.0,0.45537370443344116,-0.23777347803115845,0.0384974479675293,0.0384974479675293,0.0,1.0,0.6931471824645996,3.8703352212905884,0.0,0.0,0.0384974479675293,3.9088327884674072,,0.0,0.0,0.2,0,cn,cn_plus,86,2,17,2,17,1,100.53482556056103,0.9901511624757405,2.858132839202881,-1.0122023820877075,1.17694890499115,1.17694890499115,0.0,0.0,2.97538685798645,2.936889410018921,7.015629291534424,3.1067965030670166,AVAILABLE,3.8703352212905884,6,1042
2.288818359375e-05,0.11357724666595459,0.0,0.17773032188415527,0.29133033752441406,0.38253599405288696,0.28218379616737366,1.0,1.0,0.31061118841171265,0.41096338629722595,0.17775321006774902,0.17775321006774902,0.1003521978855133,0.0,-0.1003521978855133,-2.288818359375e-05,-0.11357724666595459,0.0,-0.17773032188415527,-0.29133033752441406,,0.0,0.0,0.2,0,degree,degree_u_plus,87,4,6,3,6,1,0.6389602766277069,0.389857085458117,2.847362518310547,2.8473854064941406,-0.5724759697914124,-0.45889872312545776,0.0,0.0,2.767408847808838,2.945139169692993,5.04745626449585,5.338786602020264,AVAILABLE,0.11357724666595459,1920,1926
0.00942850112915039,0.0,0.0,0.02389049530029297,0.03331899642944336,0.28218379616737366,0.28218379616737366,2.0,1.0,0.816428542137146,0.41096338629722595,0.02389049530029297,0.02389049530029297,0.0,1.0,0.40546515583992004,0.00942850112915039,0.0,0.0,0.02389049530029297,0.03331899642944336,,0.0,0.0,0.2,0,cn,cn_plus,87,3,6,3,6,1,0.3946547388026476,0.28297665925651994,2.856813907623291,2.8473854064941406,-0.45889872312545776,-0.45889872312545776,0.0,0.0,2.969029664993286,2.945139169692993,5.372105598449707,5.338786602020264,AVAILABLE,0.00942850112915039,1920,1926
0.04604756832122803,0.038601458072662354,0.0,0.035057783126831055,0.04250383377075195,0.17500290274620056,0.10139347612857819,0.0,0.0,-0.17500290274620056,-0.10139347612857819,0.08110535144805908,0.08110535144805908,0.07360942661762238,0.0,-0.07360942661762238,0.04604756832122803,-0.038601458072662354,0.0,0.035057783126831055,0.04250383377075195,,0.0,0.0,0.2,0,degree,degree_u_plus,88,3,4,2,4,1,0.4759421249529013,0.3224666583509086,-1.0709792375564575,-1.1170268058776855,-0.7589792013168335,-0.7203777432441711,0.0,0.0,3.037841796875,3.002784013748169,1.2130440473556519,1.1705402135849,AVAILABLE,0.038601458072662354,1568,1729
3.9201676845550537,0.0,0.0,0.03771209716796875,3.957880139350891,0.10139347612857819,0.10139347612857819,1.0,0.0,0.5917537212371826,-0.10139347612857819,0.03771209716796875,0.03771209716796875,0.0,1.0,0.6931471973657608,3.9201676845550537,0.0,0.0,0.03771209716796875,3.957880139350891,,0.0,0.0,0.2,0,cn,cn_plus,88,2,4,2,4,1,103.94984473009498,0.990471639071294,2.803140878677368,-1.1170268058776855,-0.7203777432441711,-0.7203777432441711,0.0,0.0,3.0404961109161377,3.002784013748169,5.128420352935791,1.1705402135849,AVAILABLE,3.9201676845550537,1568,1729
0.03812205791473389,0.7647915631532669,0.0,0.0030405521392822266,0.7297099828720093,0.11382617801427841,0.004563153255730867,0.0,0.0,-0.11382617801427841,-0.004563153255730867,0.04116261005401611,0.04116261005401611,0.10926302475854754,0.0,-0.10926302475854754,0.03812205791473389,-0.7647915631532669,0.0,-0.0030405521392822266,-0.7297099828720093,,0.0,0.0,0.2,0,degree,degree_u_plus,89,2,6,1,6,1,18.579759066591496,0.9489268485583012,-1.1113197803497314,-1.1494418382644653,-0.17679710686206818,0.5879944562911987,0.0,0.0,3.14058256149292,3.143623113632202,1.8576263189315796,2.587336301803589,AVAILABLE,0.7647915631532669,360,1824
4.004672408103943,0.0,0.0,0.005303382873535156,4.009976148605347,0.004563153255730867,0.004563153255730867,1.0,0.0,0.68858402967453,-0.004563153255730867,0.005303382873535156,0.005303382873535156,0.0,1.0,0.6931471829302609,4.004672408103943,0.0,0.0,0.005303382873535156,4.009976148605347,,0.0,0.0,0.2,0,cn,cn_plus,89,1,6,1,6,1,755.1151694018273,0.998677450155125,2.8552305698394775,-1.1494418382644653,0.5879944562911987,0.5879944562911987,0.0,0.0,3.1489264965057373,3.143623113632202,6.5973124504089355,2.587336301803589,AVAILABLE,4.004672408103943,360,1824
0.02382040023803711,0.17277300357818604,0.0,0.05667281150817871,0.25326621532440186,0.30228549242019653,0.28218379616737366,0.0,0.0,-0.30228549242019653,-0.28218379616737366,0.08049321174621582,0.08049321174621582,0.020101696252822876,0.0,-0.020101696252822876,0.02382040023803711,0.17277300357818604,0.0,0.05667281150817871,0.25326621532440186,,0.0,0.0,0.2,0,degree,degree_u_plus,90,7,3,6,3,1,2.146429225095696,0.6821794076840912,-0.9367592930793762,-0.9605796933174133,-0.28612571954727173,-0.45889872312545776,0.0,0.0,2.778207302093506,2.721534490585327,1.5604829788208008,1.307216763496399,AVAILABLE,0.17277300357818604,482,2308
3.785076916217804,0.0,0.0,0.1287827491760254,3.913859724998474,0.28218379616737366,0.28218379616737366,1.0,0.0,0.41096338629722595,-0.28218379616737366,0.1287827491760254,0.1287827491760254,0.0,1.0,0.6931471824645996,3.785076916217804,0.0,0.0,0.1287827491760254,3.913859724998474,,0.0,0.0,0.2,0,cn,cn_plus,90,6,3,6,3,1,29.391177362834807,0.9670957137309563,2.8244972229003906,-0.9605796933174133,-0.45889872312545776,-0.45889872312545776,0.0,0.0,2.8503172397613525,2.721534490585327,5.221076488494873,1.307216763496399,AVAILABLE,3.785076916217804,482,2308
0.04873347282409668,0.022964060306549072,0.0,0.013753175735473633,0.057944416999816895,0.16522985696792603,0.07148812711238861,0.0,0.0,-0.16522985696792603,-0.07148812711238861,0.06248664855957031,0.06248664855957031,0.09374172985553741,0.0,-0.09374172985553741,0.04873347282409668,0.022964060306549072,0.0,-0.013753175735473633,0.057944416999816895,,0.0,0.0,0.2,0,degree,degree_u_plus,91,3,3,2,3,1,0.3675034133031258,0.26874039927654914,-1.0789991617202759,-1.1277326345443726,-0.8140361309051514,-0.8370001912117004,0.0,0.0,2.4821066856384277,2.4958598613739014,0.5942320227622986,0.5362876057624817,AVAILABLE,0.022964060306549072,1522,1697
3.9228395223617554,0.0,0.0,0.021706581115722656,3.9011332392692566,0.07148812711238861,0.07148812711238861,1.0,0.0,0.6216590404510498,-0.07148812711238861,0.021706581115722656,0.021706581115722656,0.0,1.0,0.6931471675634384,3.9228395223617554,0.0,0.0,-0.021706581115722656,3.9011332392692566,,0.0,0.0,0.2,0,cn,cn_plus,91,2,3,2,3,1,180.721122973581,0.9944970624017915,2.795106887817383,-1.1277326345443726,-0.8370001912117004,-0.8370001912117004,0.0,0.0,2.4741532802581787,2.4958598613739014,4.437420845031738,0.5362876057624817,AVAILABLE,3.9228395223617554,1522,1697
0.0002789497375488281,0.4633757919073105,0.0,0.03909420967102051,0.424560546875,0.004185919184237719,0.0032970954198390245,0.0,0.0,-0.004185919184237719,-0.0032970954198390245,0.039373159408569336,0.039373159408569336,0.000888823764398694,0.0,-0.000888823764398694,0.0002789497375488281,0.4633757919073105,0.0,-0.03909420967102051,0.424560546875,,0.0,0.0,0.2,0,degree,degree_u_plus,92,4,1,3,1,1,11.76882122693581,0.9216842351985864,-1.1495603322982788,-1.1498392820358276,-0.16919304430484772,-0.6325688362121582,0.0,0.0,2.811298131942749,2.8503923416137695,1.4977054595947266,1.0731449127197266,AVAILABLE,0.4633757919073105,741,1088
3.9262763261795044,0.0,0.0,0.1875927448272705,4.1138691902160645,0.0032970954198390245,0.0032970954198390245,1.0,0.0,0.6898500919342041,-0.0032970954198390245,0.1875927448272705,0.1875927448272705,0.0,1.0,0.6931471873540431,3.9262763261795044,0.0,0.0,0.1875927448272705,4.1138691902160645,,0.0,0.0,0.2,0,cn,cn_plus,92,3,1,3,1,1,20.929786599672763,0.9543999210637589,2.7764370441436768,-1.1498392820358276,-0.6325688362121582,-0.6325688362121582,0.0,0.0,3.03798508644104,2.8503923416137695,5.187014102935791,1.0731449127197266,AVAILABLE,3.9262763261795044,741,1088
0.0022611618041992188,0.36024312674999237,0.0,0.025612831115722656,0.38359498977661133,0.30228549242019653,0.1121114194393158,1.0,1.0,0.3908616900444031,0.5810357332229614,0.027873992919921875,0.027873992919921875,0.19017407298088074,0.0,-0.19017404317855835,0.0022611618041992188,-0.36024312674999237,0.0,-0.025612831115722656,-0.38359498977661133,,0.0,0.0,0.2,0,degree,degree_u_plus,93,3,7,2,7,1,12.92398252898662,0.9281814669101873,2.816066265106201,2.813805103302002,-0.28612571954727173,0.07411740720272064,0.0,0.0,2.833021402359009,2.8586342334747314,5.368122577667236,5.751717567443848,AVAILABLE,0.36024312674999237,1191,1558
0.015120744705200195,0.0,0.0,0.05372190475463867,0.06884241104125977,0.1121114194393158,0.1121114194393158,2.0,1.0,0.9865008592605591,0.5810357332229614,0.05372190475463867,0.05372190475463867,0.0,1.0,0.40546512603759766,0.015120744705200195,0.0,0.0,0.05372190475463867,0.06884241104125977,,0.0,0.0,0.2,0,cn,cn_plus,93,2,7,2,7,1,0.2814632496674847,0.21964207693082036,2.828925848007202,2.813805103302002,0.07411740720272064,0.07411740720272064,0.0,0.0,2.91235613822937,2.8586342334747314,5.820559978485107,5.751717567443848,AVAILABLE,0.015120744705200195,1191,1558
0.002111673355102539,0.0052111148834228516,0.0,0.0030274391174316406,7.2479248046875e-05,0.1255921870470047,0.24995648860931396,1.0,1.0,0.5675550103187561,0.44319069385528564,0.00513911247253418,0.00513911247253418,-0.12436430156230927,0.0,0.12436431646347046,-0.002111673355102539,0.0052111148834228516,0.0,-0.0030274391174316406,7.2479248046875e-05,,0.0,0.0,0.2,0,degree,degree_u_plus,94,65,2,64,2,1,1.0140086972578357,0.5034778144893092,2.775080680847168,2.7771923542022705,1.9140597581863403,1.9088486433029175,0.0,0.0,3.040074110031128,3.0431015491485596,7.734375476837158,7.734302997589111,AVAILABLE,0.0052111148834228516,306,2078
0.0031473636627197266,0.0,0.0,0.0009703636169433594,0.0041179656982421875,0.24995648860931396,0.24995648860931396,2.0,1.0,0.8486558198928833,0.44319069385528564,0.0009703636169433594,0.0009703636169433594,0.0,1.0,0.40546512603759766,0.0031473636627197266,0.0,0.0,0.0009703636169433594,0.0041179656982421875,,0.0,0.0,0.2,0,cn,cn_plus,94,64,2,64,2,1,3.2434555183330356,0.764342999312779,2.7803397178649902,2.7771923542022705,1.9088486433029175,1.9088486433029175,0.0,0.0,3.044071912765503,3.0431015491485596,7.7384209632873535,7.734302997589111,AVAILABLE,0.0031473636627197266,306,2078
0.04873347282409668,0.022964060306549072,0.0,0.6223008632659912,0.5506031513214111,0.16522985696792603,0.07148812711238861,0.0,0.0,-0.16522985696792603,-0.07148812711238861,0.6710343360900879,0.6710343360900879,0.09374172985553741,0.0,-0.09374172985553741,0.04873347282409668,0.022964060306549072,0.0,-0.6223008632659912,-0.5506031513214111,,0.0,0.0,0.2,0,degree,degree_u_plus,95,3,3,2,3,1,0.034221885124589575,0.03308950005488132,-1.0789991617202759,-1.1277326345443726,-0.8140361309051514,-0.8370001912117004,0.0,0.0,-1.9535176753997803,-1.331216812133789,-3.8413922786712646,-3.2907891273498535,AVAILABLE,0.022964060306549072,86,2295
3.97181236743927,0.0,0.0,4.346837282180786,8.318650245666504,0.07148812711238861,0.07148812711238861,1.0,0.0,0.6216590404510498,-0.07148812711238861,4.346837282180786,4.346837282180786,0.0,1.0,0.6931471675634384,3.97181236743927,0.0,0.0,4.346837282180786,8.318650245666504,,0.0,0.0,0.2,0,cn,cn_plus,95,2,3,2,3,1,0.9137246463270844,0.4774587859756889,2.8440797328948975,-1.1277326345443726,-0.8370001912117004,-0.8370001912117004,0.0,0.0,3.015620470046997,-1.331216812133789,5.02786111831665,-3.2907891273498535,AVAILABLE,3.97181236743927,86,2295
0.00015592575073242188,0.14970684051513672,0.0,0.0010492801666259766,0.15059995651245117,0.12850764393806458,0.13552594184875488,1.0,1.0,0.5646395683288574,0.5576212406158447,0.0012052059173583984,0.0012052059173583984,-0.007018297910690308,0.0,0.007018327713012695,-0.00015592575073242188,0.14970684051513672,0.0,0.0010492801666259766,0.15059995651245117,,0.0,0.0,0.2,0,degree,degree_u_plus,96,10,2,9,2,1,124.21578437435953,0.99201378640084,2.6242287158966064,2.624384641647339,0.5980998277664185,0.44839298725128174,0.0,0.0,3.1404836177825928,3.139434337615967,6.3679728507995605,6.217372894287109,AVAILABLE,0.14970684051513672,364,1632
0.05130314826965332,0.0,0.0,0.015254974365234375,0.036047935485839844,0.13552594184875488,0.13552594184875488,2.0,1.0,0.9630863666534424,0.5576212406158447,0.015254974365234375,0.015254974365234375,0.0,1.0,0.40546512603759766,0.05130314826965332,0.0,0.0,-0.015254974365234375,0.036047935485839844,,0.0,0.0,0.2,0,cn,cn_plus,96,9,2,9,2,1,3.363041681417358,0.7708020979356897,2.675687789916992,2.624384641647339,0.44839298725128174,0.44839298725128174,0.0,0.0,3.1241793632507324,3.139434337615967,6.253420829772949,6.217372894287109,AVAILABLE,0.05130314826965332,364,1632
1.4066696166992188e-05,0.0031921863555908203,0.0,1.5020370483398438e-05,0.0032215118408203125,1.5451256036758423,1.5451256036758423,2.0,2.0,-0.446513295173645,-0.446513295173645,2.9087066650390625e-05,2.9087066650390625e-05,0.0,0.0,0.0,1.4066696166992188e-05,0.0031921863555908203,0.0,1.5020370483398438e-05,0.0032215118408203125,,0.0,0.0,0.2,0,degree,degree_u_plus,97,140,12,139,12,1,109.70818446910233,0.9909672441581852,2.683772563934326,2.683758497238159,1.0662504434585571,1.0630582571029663,0.0,0.0,3.1132020950317383,3.113187074661255,6.8683857917785645,6.865164279937744,AVAILABLE,0.0031921863555908203,1358,1742
0.027517318725585938,0.0,0.0,0.001140594482421875,0.028657913208007812,1.5451256036758423,1.5451256036758423,3.0,2.0,-0.15883123874664307,-0.446513295173645,0.001140594482421875,0.001140594482421875,0.0,1.0,0.28768205642700195,0.027517318725585938,0.0,0.0,0.001140594482421875,0.028657913208007812,,0.0,0.0,0.2,0,cn,cn_plus,97,139,12,139,12,1,24.125206545881447,0.9601993321657321,2.711275815963745,2.683758497238159,1.0630582571029663,1.0630582571029663,0.0,0.0,3.1143276691436768,3.113187074661255,6.893822193145752,6.865164279937744,AVAILABLE,0.027517318725585938,1358,1742
0.043968796730041504,0.020238399505615234,0.0,0.023339152336120605,0.00039124488830566406,0.004002819303423166,0.12606237828731537,0.0,0.0,-0.004002819303423166,-0.12606237828731537,0.06730794906616211,0.06730794906616211,-0.1220595589838922,0.0,0.1220595589838922,-0.043968796730041504,0.020238399505615234,0.0,0.023339152336120605,-0.00039124488830566406,,0.0,0.0,0.2,0,degree,degree_u_plus,98,29,2,28,2,1,0.3006836009649524,0.23117351578960552,-1.1496177911758423,-1.1056489944458008,1.5574487447738647,1.5372103452682495,0.0,0.0,0.4616968035697937,0.4383576512336731,0.8746883869171143,0.8750796318054199,AVAILABLE,0.020238399505615234,109,176
3.9449853897094727,0.0,0.0,0.3293765187263489,4.274362087249756,0.12606237828731537,0.12606237828731537,1.0,0.0,0.567084789276123,-0.12606237828731537,0.3293765187263489,0.3293765187263489,0.0,1.0,0.6931471675634384,3.9449853897094727,0.0,0.0,0.3293765187263489,4.274362087249756,,0.0,0.0,0.2,0,cn,cn_plus,98,28,2,28,2,1,11.97712965451472,0.9229413570933922,2.839336395263672,-1.1056489944458008,1.5372103452682495,1.5372103452682495,0.0,0.0,0.767734169960022,0.4383576512336731,5.149441719055176,0.8750796318054199,AVAILABLE,3.9449853897094727,109,176
7.724761962890625e-05,0.4306286722421646,0.0,0.012710094451904297,0.44326138496398926,0.0039391471073031425,0.004185919184237719,0.0,0.0,-0.0039391471073031425,-0.004185919184237719,0.012787342071533203,0.012787342071533203,-0.00024677207693457603,0.0,0.00024677207693457603,-7.724761962890625e-05,0.4306286722421646,0.0,0.012710094451904297,0.44326138496398926,,0.0,0.0,0.2,0,degree,degree_u_plus,99,5,1,4,1,1,33.67614106761137,0.9711617276544641,-1.1496375799179077,-1.1495603322982788,0.2614356279373169,-0.16919304430484772,0.0,0.0,2.9766833782196045,2.9639732837677,2.093641996383667,1.6503806114196777,AVAILABLE,0.4306286722421646,52,2053
4.005313277244568,0.0,0.0,0.020540714263916016,4.025854110717773,0.004185919184237719,0.004185919184237719,1.0,0.0,0.6889612674713135,-0.004185919184237719,0.020540714263916016,0.020540714263916016,0.0,1.0,0.6931471866555512,4.005313277244568,0.0,0.0,0.020540714263916016,4.025854110717773,,0.0,0.0,0.2,0,cn,cn_plus,99,4,1,4,1,1,194.99377070557924,0.9948977970248749,2.855752944946289,-1.1495603322982788,-0.16919304430484772,-0.16919304430484772,0.0,0.0,2.984513998031616,2.9639732837677,5.676234722137451,1.6503806114196777,AVAILABLE,4.005313277244568,52,2053
